epoch,stats_o/mean,stats_o/std,test/Q,test/Q_plus_P,test/episodes,test/info_is_success_max,test/info_is_success_mean,test/info_is_success_min,test/info_shaping_reward_max,test/info_shaping_reward_mean,test/info_shaping_reward_min,test/reward_per_eps,test/steps,train/Q,train/Q_plus_P,train/episodes,train/info_is_success_max,train/info_is_success_mean,train/info_is_success_min,train/info_shaping_reward_max,train/info_shaping_reward_mean,train/info_shaping_reward_min,train/reward_per_eps,train/steps
0,0.43124208,0.061552238,-1.3436074,-1.3436074,10,0.0,0.0,0.0,-0.12701952189801863,-0.25598516093932616,-0.4788468082112668,-40.0,400,nan,nan,40,0.0,0.0,0.0,-0.11533223133313919,-0.2688199582490284,-0.4496128349558419,-40.0,1600
1,0.42395672,0.053168755,-1.6449171,-1.6449171,20,0.0,0.0,0.0,-0.1899893324293839,-0.2558127182509311,-0.33536959541551487,-40.0,800,nan,nan,80,0.0,0.0,0.0,-0.13713260055885157,-0.22460896688340526,-0.33311784490557,-40.0,3200
2,0.4191618,0.05053745,-1.9554083,-1.9554083,30,0.0,0.0,0.0,-0.17723732695529548,-0.22700874724772965,-0.2870303275763692,-40.0,1200,nan,nan,120,0.0,0.0,0.0,-0.1702649336248454,-0.2451897002972407,-0.32707376252349246,-40.0,4800
3,0.417164,0.047469627,-2.3287144,-2.3287144,40,0.0,0.0,0.0,-0.17800696403809274,-0.22408029846814975,-0.2806513331272324,-40.0,1600,nan,nan,160,0.0,0.0,0.0,-0.17657745937121727,-0.2455800589485781,-0.32227428071694564,-40.0,6400
4,0.41515115,0.0450875,-2.741546,-2.741546,50,0.0,0.0,0.0,-0.1634290697021742,-0.226510270617321,-0.2972572377540744,-40.0,2000,nan,nan,200,0.0,0.0,0.0,-0.16888481774519037,-0.233612106182202,-0.3060664225845905,-40.0,8000
5,0.4140661,0.04320137,-3.1439033,-3.1439033,60,0.0,0.0,0.0,-0.17047398688840779,-0.23494560579864984,-0.29062292451084715,-40.0,2400,nan,nan,240,0.0,0.0,0.0,-0.1795545678177599,-0.238094630075466,-0.2952918708357055,-40.0,9600
6,0.41361728,0.04200332,-3.5617719,-3.5617719,70,0.0,0.0,0.0,-0.18051539361107488,-0.25571539382309616,-0.27596296607717835,-40.0,2800,nan,nan,280,0.0,0.0,0.0,-0.17203672585543012,-0.24436549654733247,-0.31384045224516155,-40.0,11200
7,0.41366324,0.040906038,-3.967771,-3.967771,80,0.0,0.0,0.0,-0.16508084896294972,-0.22788877322357387,-0.27351811276498256,-40.0,3200,nan,nan,320,0.0,0.0,0.0,-0.1814729458519189,-0.24456412196022376,-0.3095159307626911,-40.0,12800
8,0.41325685,0.039875884,-4.3835793,-4.3835793,90,0.0,0.0,0.0,-0.1785913168639019,-0.23765182253733796,-0.3083781422104853,-40.0,3600,nan,nan,360,0.0,0.0,0.0,-0.1702468974914106,-0.239394158439662,-0.31775026808896467,-40.0,14400
9,0.41299298,0.038943585,-4.7871666,-4.7871666,100,0.0,0.0,0.0,-0.16614798266022682,-0.21902246133456557,-0.3030447730504905,-40.0,4000,nan,nan,400,0.0,0.0,0.0,-0.17076238355037412,-0.23196047106634757,-0.3007975872023817,-40.0,16000
10,0.4125555,0.038561475,-5.220507,-5.220507,110,0.0,0.0,0.0,-0.1562383781307461,-0.25546143618021394,-0.3231732906116486,-40.0,4400,nan,nan,440,0.0,0.0,0.0,-0.17644657976877012,-0.24801590565944015,-0.32119631194144704,-40.0,17600
11,0.4127486,0.038092013,-5.599419,-5.599419,120,0.0,0.0,0.0,-0.18735275704878807,-0.23285728445461146,-0.30584987983770173,-40.0,4800,nan,nan,480,0.0,0.0,0.0,-0.1649232181218753,-0.2405284752978994,-0.31511798911720545,-40.0,19200
12,0.4127479,0.037628878,-6.0069866,-6.0069866,130,0.0,0.0,0.0,-0.1695376306388194,-0.2269011133454452,-0.31158709684774927,-40.0,5200,nan,nan,520,0.0,0.0,0.0,-0.15547979097035441,-0.2380465141863397,-0.3165251006518586,-40.0,20800
13,0.41275835,0.037450653,-6.396289,-6.396289,140,0.0,0.0,0.0,-0.1571896317281247,-0.2060345518441343,-0.2722978875380906,-40.0,5600,nan,nan,560,0.0,0.0,0.0,-0.15774656998634878,-0.24010930152814716,-0.31982848631626626,-40.0,22400
14,0.4127487,0.037288852,-6.792903,-6.792903,150,0.0,0.0,0.0,-0.16276332017227318,-0.22592910684045012,-0.28328991912309737,-40.0,6000,nan,nan,600,0.0,0.0,0.0,-0.1702951690412527,-0.24533710781651447,-0.32751643808873687,-40.0,24000
15,0.41282198,0.037007656,-7.1559014,-7.1559014,160,0.0,0.0,0.0,-0.15755402011429387,-0.20782135387002554,-0.2719934371222301,-40.0,6400,nan,nan,640,0.0,0.0,0.0,-0.15529577564608488,-0.2283577612816449,-0.3124146424125735,-40.0,25600
16,0.4129176,0.036620606,-7.565344,-7.565344,170,0.0,0.0,0.0,-0.171012246540925,-0.22476026065309487,-0.29798569471891717,-40.0,6800,nan,nan,680,0.0,0.0,0.0,-0.1603668227652648,-0.22607199304405606,-0.3040123639573096,-40.0,27200
17,0.41312623,0.036424305,-7.9602523,-7.9602523,180,0.0,0.0,0.0,-0.18311289772030395,-0.23977935473913825,-0.3018640087093594,-40.0,7200,nan,nan,720,0.0,0.0,0.0,-0.15733907834704633,-0.2354704470158256,-0.3149806058383378,-40.0,28800
18,0.41309214,0.0362869,-8.319995,-8.319995,190,0.0,0.0,0.0,-0.17724939747650634,-0.25055581369806795,-0.3024714378711588,-40.0,7600,nan,nan,760,0.0,0.0,0.0,-0.15990366285029045,-0.23692367993066527,-0.3157560900002375,-40.0,30400
19,0.41328606,0.036146376,-8.687636,-8.687636,200,0.0,0.0,0.0,-0.1802232974354655,-0.23561565069551513,-0.2913631923498506,-40.0,8000,nan,nan,800,0.0,0.0,0.0,-0.16239978953159143,-0.23437654851808415,-0.32085053492656035,-40.0,32000
20,0.41333497,0.03595813,-9.068371,-9.068371,210,0.0,0.0,0.0,-0.15788476158186937,-0.21682528071416932,-0.31002270994468034,-40.0,8400,nan,nan,840,0.0,0.0,0.0,-0.1573033401933786,-0.23019178194929912,-0.3073529382354107,-40.0,33600
21,0.41343486,0.03582387,-9.434953,-9.434953,220,0.0,0.0,0.0,-0.1559911530076971,-0.20766000595229892,-0.2709590614814016,-40.0,8800,nan,nan,880,0.0,0.0,0.0,-0.13617387311420198,-0.22084999789423118,-0.31156013806993627,-40.0,35200
22,0.41348353,0.03558682,-9.806812,-9.806812,230,0.0,0.0,0.0,-0.18644327722470314,-0.22645014574166042,-0.28597884374374616,-40.0,9200,nan,nan,920,0.0,0.0,0.0,-0.151041332053148,-0.2158291963057533,-0.28991563604772347,-40.0,36800
23,0.4135431,0.035460852,-10.150011,-10.150011,240,0.0,0.0,0.0,-0.1697224089694497,-0.2103240261716588,-0.27648048429826644,-40.0,9600,nan,nan,960,0.0,0.0,0.0,-0.138155036229237,-0.22077319353753425,-0.31002734356340456,-40.0,38400
24,0.4135686,0.035404302,-10.524671,-10.524671,250,0.0,0.0,0.0,-0.16052728422400314,-0.21038622211990402,-0.28645144769105624,-40.0,10000,nan,nan,1000,0.0,0.0,0.0,-0.14124951435992508,-0.22748079300789997,-0.3099834605898476,-40.0,40000
25,0.41364536,0.035351668,-10.873887,-10.873887,260,0.0,0.0,0.0,-0.1624220237576661,-0.2083734856127169,-0.2683070576675907,-40.0,10400,nan,nan,1040,0.0,0.0,0.0,-0.14295026179653314,-0.22372330076255964,-0.3168210082349915,-40.0,41600
26,0.4134685,0.035374973,-11.211538,-11.211538,270,0.0,0.0,0.0,-0.16826629460240394,-0.2154719659126635,-0.28600200139326387,-40.0,10800,nan,nan,1080,0.0,0.0,0.0,-0.1468524126394834,-0.23109533113797184,-0.3072440671609654,-40.0,43200
27,0.4134867,0.03530885,-11.555471,-11.555471,280,0.0,0.0,0.0,-0.16556150993097257,-0.22539201942157355,-0.29379816182024265,-40.0,11200,nan,nan,1120,0.0,0.0,0.0,-0.13149915316142283,-0.21894857278057395,-0.3024971386318712,-40.0,44800
28,0.41327393,0.0352297,-11.894846,-11.894846,290,0.0,0.0,0.0,-0.15699997140418998,-0.20906815126581002,-0.29421069785101556,-40.0,11600,nan,nan,1160,0.0,0.0,0.0,-0.14738373802068896,-0.22691447398780523,-0.3116276062992716,-40.0,46400
29,0.4131935,0.03518874,-12.250204,-12.250204,300,0.0,0.0,0.0,-0.16882199467444373,-0.20627167411607275,-0.24968188246944203,-40.0,12000,nan,nan,1200,0.0,0.0,0.0,-0.14238720733793778,-0.22658479806058257,-0.3027110554129616,-40.0,48000
30,0.413209,0.035175446,-12.581805,-12.581805,310,0.0,0.0,0.0,-0.1672635980255664,-0.21274363883813735,-0.28430462019016306,-40.0,12400,nan,nan,1240,0.0,0.0,0.0,-0.13008383522097683,-0.21796569502651258,-0.3029880033826434,-40.0,49600
31,0.413303,0.03509802,-12.909443,-12.909443,320,0.0,0.0,0.0,-0.18467453967933678,-0.22311204199405432,-0.2964266628312009,-40.0,12800,nan,nan,1280,0.0,0.0,0.0,-0.1421301492727355,-0.21513110661574708,-0.3028444324339372,-40.0,51200
32,0.4132929,0.035053395,-13.235068,-13.235068,330,0.0,0.0,0.0,-0.1505362618045263,-0.21044219549417792,-0.3037156533418932,-40.0,13200,nan,nan,1320,0.0,0.0,0.0,-0.1317623032863096,-0.22117502107833045,-0.31166507413232203,-40.0,52800
33,0.41319135,0.034962866,-13.5599985,-13.5599985,340,0.0,0.0,0.0,-0.16929100436384867,-0.21945286216944154,-0.2914666404594701,-40.0,13600,nan,nan,1360,0.0,0.0,0.0,-0.1392853217746654,-0.22244077252686098,-0.3081780282484433,-40.0,54400
34,0.41313758,0.03501473,-13.887686,-13.887686,350,0.0,0.0,0.0,-0.1699392824797647,-0.20918475509998188,-0.27580435430567657,-40.0,14000,nan,nan,1400,0.0,0.0,0.0,-0.14692568920139404,-0.2200085515029439,-0.29156616759363546,-40.0,56000
35,0.4130188,0.03501551,-14.196536,-14.196536,360,0.0,0.0,0.0,-0.15862511779751437,-0.2227913196561118,-0.3081941992335277,-40.0,14400,nan,nan,1440,0.0,0.0,0.0,-0.13384539654944264,-0.22251196257925115,-0.32465947583704213,-40.0,57600
36,0.41308978,0.03501452,-14.498846,-14.498846,370,0.0,0.0,0.0,-0.19782980051814575,-0.23298911212016662,-0.31243680583496386,-40.0,14800,nan,nan,1480,0.0,0.0,0.0,-0.13385131254239815,-0.2268570975011907,-0.3128569351168172,-40.0,59200
37,0.41309193,0.034971155,-14.81583,-14.81583,380,0.0,0.0,0.0,-0.16621718077230196,-0.21204696760133362,-0.2949189418065945,-40.0,15200,nan,nan,1520,0.0,0.0,0.0,-0.14926999318453127,-0.22403361464110097,-0.300926878382162,-40.0,60800
38,0.41310382,0.03498467,-15.126534,-15.126534,390,0.0,0.0,0.0,-0.17110596796049563,-0.2121523412368601,-0.3037814073570483,-40.0,15600,nan,nan,1560,0.0,0.0,0.0,-0.14359297693281706,-0.22035023381639324,-0.30439808632683707,-40.0,62400
39,0.4129578,0.035001863,-15.403271,-15.403271,400,0.0,0.0,0.0,-0.17165030333348838,-0.22000788234146662,-0.29445451731129557,-40.0,16000,nan,nan,1600,0.0,0.0,0.0,-0.13793130021874284,-0.22886200997879907,-0.3262035767700093,-40.0,64000
40,0.41276017,0.03496781,-15.717688,-15.717688,410,0.0,0.0,0.0,-0.16934532020284665,-0.20655381943187132,-0.24975539308019373,-40.0,16400,nan,nan,1640,0.0,0.0,0.0,-0.14839564988176038,-0.22330717409857007,-0.29766865720208285,-40.0,65600
41,0.4127153,0.034992125,-16.004475,-16.004475,420,0.0,0.0,0.0,-0.1778990593190123,-0.23826693975349525,-0.29275476188877775,-40.0,16800,nan,nan,1680,0.0,0.0,0.0,-0.1552962090629526,-0.2324009728561896,-0.31243214493390076,-40.0,67200
42,0.41278946,0.034969352,-16.306154,-16.306154,430,0.0,0.0,0.0,-0.16890799988336458,-0.21186066583941077,-0.2648483719289171,-40.0,17200,nan,nan,1720,0.0,0.0,0.0,-0.14045899954459723,-0.22393924362865708,-0.3104268774890005,-40.0,68800
43,0.4126754,0.03496684,-16.601866,-16.601866,440,0.0,0.0,0.0,-0.18697197874175583,-0.22752538539529404,-0.2879665968655147,-40.0,17600,nan,nan,1760,0.0,0.0,0.0,-0.1458661255097814,-0.22968221702991826,-0.3030191439339688,-40.0,70400
44,0.41272047,0.03501909,-16.888237,-16.888237,450,0.0,0.0,0.0,-0.15790574447575204,-0.2024240876264955,-0.26560085012631535,-40.0,18000,nan,nan,1800,0.0,0.0,0.0,-0.1278483393473705,-0.21803940951392603,-0.3058949673684047,-40.0,72000
45,0.4127728,0.034990076,-17.208374,-17.208374,460,0.0,0.0,0.0,-0.15334130057374323,-0.20338894604324942,-0.26661711142827427,-40.0,18400,nan,nan,1840,0.0,0.0,0.0,-0.12398568013045104,-0.21094414806303224,-0.295212416091685,-40.0,73600
46,0.412766,0.035027314,-17.467379,-17.467379,470,0.0,0.0,0.0,-0.13763572320525103,-0.2180337713371004,-0.2964713246861218,-40.0,18800,nan,nan,1880,0.0,0.0,0.0,-0.1539691503135627,-0.22952278983934202,-0.3218341922934197,-40.0,75200
47,0.41271612,0.035095543,-17.72045,-17.72045,480,0.0,0.0,0.0,-0.1520568045185753,-0.2224124989192252,-0.3098898271230934,-40.0,19200,nan,nan,1920,0.0,0.0,0.0,-0.13720833860844753,-0.22798209944628717,-0.3169444684511421,-40.0,76800
48,0.41253185,0.03509931,-17.987288,-17.987288,490,0.0,0.0,0.0,-0.15565968422205276,-0.20285139142162648,-0.261023225289766,-40.0,19600,nan,nan,1960,0.0,0.0,0.0,-0.14454885215529426,-0.231200224550635,-0.30873474514215526,-40.0,78400
49,0.4125,0.035200704,-18.252602,-18.252602,500,0.0,0.0,0.0,-0.15359915454354925,-0.21250856079486227,-0.2588103177019241,-40.0,20000,nan,nan,2000,0.0,0.0,0.0,-0.1341225482578081,-0.2227445510538109,-0.3251736911835007,-40.0,80000
50,0.41255367,0.03527182,-18.539625,-18.539625,510,0.0,0.0,0.0,-0.15970922588368988,-0.2177108733003292,-0.29839436193639873,-40.0,20400,nan,nan,2040,0.0,0.0,0.0,-0.1548193498476032,-0.23460028835469093,-0.3117921845110514,-40.0,81600
51,0.4124874,0.03527419,-18.771387,-18.771387,520,0.0,0.0,0.0,-0.1563378351271615,-0.2099403020258954,-0.2580719159965381,-40.0,20800,nan,nan,2080,0.0,0.0,0.0,-0.16885083622940394,-0.2427860144787255,-0.32254267522952773,-40.0,83200
52,0.41238198,0.03532974,-19.069572,-19.069572,530,0.0,0.0,0.0,-0.16932380631364036,-0.20954267074376878,-0.2560049123472807,-40.0,21200,nan,nan,2120,0.0,0.0,0.0,-0.13901007557462958,-0.22905385464749722,-0.3147035160202704,-40.0,84800
53,0.41224596,0.035328235,-19.315071,-19.315071,540,0.0,0.0,0.0,-0.1722747737215106,-0.22980577480831196,-0.2932560993464255,-40.0,21600,nan,nan,2160,0.0,0.0,0.0,-0.1447975011347073,-0.22330535029481666,-0.30328000041142067,-40.0,86400
54,0.41224185,0.03537481,-19.561184,-19.561184,550,0.0,0.0,0.0,-0.1531510937323757,-0.22517263825428413,-0.3151032293307208,-40.0,22000,nan,nan,2200,0.0,0.0,0.0,-0.1685520090965012,-0.23947458322992957,-0.3265779465546883,-40.0,88000
55,0.4122105,0.03539768,-19.7993,-19.7993,560,0.0,0.0,0.0,-0.17590019990203543,-0.23326308908270943,-0.3177892108470932,-40.0,22400,nan,nan,2240,0.0,0.0,0.0,-0.14172450887595833,-0.23102130072908408,-0.31445698634416974,-40.0,89600
56,0.41210377,0.03538727,-20.053204,-20.053204,570,0.0,0.0,0.0,-0.1643135074135982,-0.21242000896642452,-0.2568351184954033,-40.0,22800,nan,nan,2280,0.0,0.0,0.0,-0.12578678529310414,-0.21546899038819545,-0.30935252271826236,-40.0,91200
57,0.4119905,0.035414588,-20.308867,-20.308867,580,0.0,0.0,0.0,-0.1554409619827232,-0.2142142919584795,-0.271463916834419,-40.0,23200,nan,nan,2320,0.0,0.0,0.0,-0.13107910415317145,-0.22563872361494366,-0.3059101737752502,-40.0,92800
58,0.4119282,0.035410676,-20.56495,-20.56495,590,0.0,0.0,0.0,-0.13923979743790388,-0.2046468128753613,-0.27475964114411133,-40.0,23600,nan,nan,2360,0.0,0.0,0.0,-0.14829780194996195,-0.226662514907008,-0.31423435113544457,-40.0,94400
59,0.4118793,0.035492226,-20.794775,-20.794775,600,0.0,0.0,0.0,-0.1469774997222846,-0.21241006219986439,-0.2872068806536095,-40.0,24000,nan,nan,2400,0.0,0.0,0.0,-0.1425665084325503,-0.2244650589914606,-0.3037918952559991,-40.0,96000
60,0.41189408,0.035567302,-21.03583,-21.03583,610,0.0,0.0,0.0,-0.15607396527006312,-0.2205555937426564,-0.28231645928296345,-40.0,24400,nan,nan,2440,0.0,0.0,0.0,-0.13210700138928802,-0.224688940289328,-0.31067013959297873,-40.0,97600
61,0.4118042,0.035637088,-21.234663,-21.234663,620,0.0,0.0,0.0,-0.18333922966451718,-0.2301986988324631,-0.27099134909301953,-40.0,24800,nan,nan,2480,0.0,0.0,0.0,-0.1375494496595812,-0.22139421017651623,-0.3077489267219358,-40.0,99200
62,0.41171834,0.035689566,-21.469624,-21.469624,630,0.0,0.0,0.0,-0.169710346588329,-0.22553898339703582,-0.3008703620096968,-40.0,25200,nan,nan,2520,0.0,0.0,0.0,-0.14421947007024222,-0.2303872485499753,-0.3378230270836809,-40.0,100800
63,0.4116569,0.035721965,-21.707117,-21.707117,640,0.0,0.0,0.0,-0.17657345893467613,-0.21572603579038624,-0.2968371711906304,-40.0,25600,nan,nan,2560,0.0,0.0,0.0,-0.14563880132163456,-0.22952782592693258,-0.30972826851564195,-40.0,102400
64,0.41168186,0.03574041,-21.947393,-21.947393,650,0.0,0.0,0.0,-0.15481342585204658,-0.21387854643895732,-0.27511280445381414,-40.0,26000,nan,nan,2600,0.0,0.0,0.0,-0.11167373888127756,-0.20698024953569782,-0.29322087244211426,-40.0,104000
65,0.41159225,0.035778474,-22.137558,-22.137558,660,0.0,0.0,0.0,-0.17628354207588484,-0.2429461823285315,-0.28249711154491075,-40.0,26400,nan,nan,2640,0.0,0.0,0.0,-0.1489774886944002,-0.22844314199580507,-0.3138425927299444,-40.0,105600
66,0.41149604,0.035907228,-22.379517,-22.379517,670,0.0,0.0,0.0,-0.13710537754859728,-0.21739227549264536,-0.28845370666267217,-40.0,26800,nan,nan,2680,0.0,0.0,0.0,-0.15938303934331227,-0.2521182198645848,-0.3573482774999987,-40.0,107200
67,0.41145205,0.03593299,-22.562433,-22.562433,680,0.0,0.0,0.0,-0.1375777210093368,-0.2133611480517433,-0.2789695439489579,-40.0,27200,nan,nan,2720,0.0,0.0,0.0,-0.14796577532490482,-0.22932679940077144,-0.3132359780489391,-40.0,108800
68,0.41139463,0.03598803,-22.815971,-22.815971,690,0.0,0.0,0.0,-0.15944193104476057,-0.2220197377518576,-0.29896446237127416,-40.0,27600,nan,nan,2760,0.0,0.0,0.0,-0.14001145934664416,-0.2361209535289268,-0.32844972204770756,-40.0,110400
69,0.41136757,0.036107067,-23.012623,-23.012623,700,0.0,0.0,0.0,-0.12186343201472083,-0.20036316424959694,-0.2883923543807113,-40.0,28000,nan,nan,2800,0.0,0.0,0.0,-0.14979474055704614,-0.2428531172702705,-0.32675464812594934,-40.0,112000
70,0.41132626,0.03620466,-23.219805,-23.219805,710,0.0,0.0,0.0,-0.17557247937131576,-0.2266445184968544,-0.29583261664420196,-40.0,28400,nan,nan,2840,0.0,0.0,0.0,-0.12417371681333007,-0.22029536158183025,-0.3097427096280941,-40.0,113600
71,0.41132173,0.036235254,-23.430496,-23.430496,720,0.0,0.0,0.0,-0.14460793472640704,-0.22116864161609556,-0.3087586696328778,-40.0,28800,nan,nan,2880,0.0,0.0,0.0,-0.1398450767706394,-0.22016214240310533,-0.3188195141732477,-40.0,115200
72,0.4113551,0.036285065,-23.627949,-23.627949,730,0.0,0.0,0.0,-0.17056116040941388,-0.22262172234276073,-0.2872596536416098,-40.0,29200,nan,nan,2920,0.0,0.0,0.0,-0.14388070687414284,-0.2364228320099598,-0.32473904900098305,-40.0,116800
73,0.41132137,0.03629342,-23.843794,-23.843794,740,0.0,0.0,0.0,-0.15477938975325545,-0.23583472745084705,-0.3096473600735945,-40.0,29600,nan,nan,2960,0.0,0.0,0.0,-0.1422310801069214,-0.22705581327545402,-0.3053765717904284,-40.0,118400
74,0.4112843,0.036316656,-24.037727,-24.037727,750,0.0,0.0,0.0,-0.14781455772993551,-0.21355681596564588,-0.26529312120655385,-40.0,30000,nan,nan,3000,0.0,0.0,0.0,-0.15244148285592385,-0.2355029155480962,-0.3297752252931901,-40.0,120000
75,0.41122997,0.03636806,-24.216534,-24.216534,760,0.0,0.0,0.0,-0.16661635801444286,-0.23023774103055517,-0.29437542209793344,-40.0,30400,nan,nan,3040,0.0,0.0,0.0,-0.1516360623572668,-0.23151568679434426,-0.3220196807181247,-40.0,121600
76,0.41113234,0.036398023,-24.415274,-24.415274,770,0.0,0.0,0.0,-0.1460766021968914,-0.2100479862059931,-0.2703312291142458,-40.0,30800,nan,nan,3080,0.0,0.0,0.0,-0.13057249419859002,-0.22943059208619787,-0.3303989358421093,-40.0,123200
77,0.41120014,0.03643224,-24.647192,-24.647192,780,0.0,0.0,0.0,-0.18132006953558855,-0.23340035245733057,-0.29941459345223564,-40.0,31200,nan,nan,3120,0.0,0.0,0.0,-0.14052155403641192,-0.2239821523203628,-0.31760349801163856,-40.0,124800
78,0.41111484,0.036495563,-24.807117,-24.807117,790,0.0,0.0,0.0,-0.19168733346631733,-0.24085582154095778,-0.2923367615432981,-40.0,31600,nan,nan,3160,0.0,0.0,0.0,-0.1492418258478693,-0.241053581762322,-0.3295747232883732,-40.0,126400
79,0.41105422,0.03651736,-25.017778,-25.017778,800,0.0,0.0,0.0,-0.1600140879577472,-0.24282892585945448,-0.331415708172252,-40.0,32000,nan,nan,3200,0.0,0.0,0.0,-0.1626487041491745,-0.24277166629890168,-0.3393167325002624,-40.0,128000
80,0.41104344,0.036575247,-25.159151,-25.159151,810,0.0,0.0,0.0,-0.18127911994177764,-0.2310959624452065,-0.27218393460643164,-40.0,32400,nan,nan,3240,0.0,0.0,0.0,-0.13877655759095764,-0.24433755376626326,-0.3462334934191734,-40.0,129600
81,0.41102362,0.03662157,-25.367016,-25.367016,820,0.0,0.0,0.0,-0.1693963206780333,-0.2236878398783579,-0.29998171781086497,-40.0,32800,nan,nan,3280,0.0,0.0,0.0,-0.13309380681774574,-0.22887372915472398,-0.32873513687391986,-40.0,131200
82,0.41099396,0.036691632,-25.541601,-25.541601,830,0.0,0.0,0.0,-0.1691090591960053,-0.22238645476631766,-0.28334309887804165,-40.0,33200,nan,nan,3320,0.0,0.0,0.0,-0.14524323098183178,-0.24771184585488046,-0.33881509429876555,-40.0,132800
83,0.41098967,0.036712635,-25.7321,-25.7321,840,0.0,0.0,0.0,-0.16264242870849732,-0.21906054504908354,-0.2644920197924197,-40.0,33600,nan,nan,3360,0.0,0.0,0.0,-0.15875418894098287,-0.23466173290570685,-0.31872968641236477,-40.0,134400
84,0.41094175,0.036764037,-25.924988,-25.924988,850,0.0,0.0,0.0,-0.19035093049665355,-0.23858615825922017,-0.30375142789167886,-40.0,34000,nan,nan,3400,0.0,0.0,0.0,-0.1457303220078793,-0.23389926728001695,-0.33236794749018783,-40.0,136000
85,0.41084707,0.036793076,-26.071575,-26.071575,860,0.0,0.0,0.0,-0.1656147413528768,-0.21842773092029028,-0.2698421049449461,-40.0,34400,nan,nan,3440,0.0,0.0,0.0,-0.15206755432523858,-0.23123164662058243,-0.33352922814713637,-40.0,137600
86,0.4108435,0.036788527,-26.221687,-26.221687,870,0.0,0.0,0.0,-0.1554014403471246,-0.23007184811274178,-0.31439288273713584,-40.0,34800,nan,nan,3480,0.0,0.0,0.0,-0.1346649579754469,-0.22461040990406342,-0.3057243476744427,-40.0,139200
87,0.41088042,0.03683913,-26.431347,-26.431347,880,0.0,0.0,0.0,-0.18550248202672015,-0.23362569863197094,-0.313540102454315,-40.0,35200,nan,nan,3520,0.0,0.0,0.0,-0.15713817076115802,-0.23827080909053713,-0.3405592746740359,-40.0,140800
88,0.4108992,0.0368719,-26.592382,-26.592382,890,0.0,0.0,0.0,-0.16942006207664317,-0.2389234901449357,-0.3245903304472711,-40.0,35600,nan,nan,3560,0.0,0.0,0.0,-0.1386956105985517,-0.22375830640894998,-0.32227693255688794,-40.0,142400
89,0.41099688,0.036921117,-26.817837,-26.817837,900,0.0,0.0,0.0,-0.17570374431667576,-0.23164940634307257,-0.28925728254774724,-40.0,36000,nan,nan,3600,0.0,0.0,0.0,-0.12827672241402485,-0.22992582191885957,-0.3326152649506379,-40.0,144000
90,0.41094303,0.03698948,-26.904486,-26.904486,910,0.0,0.0,0.0,-0.14802900592799656,-0.2337723330403701,-0.3040585122001326,-40.0,36400,nan,nan,3640,0.0,0.0,0.0,-0.15976595236955032,-0.2505839040987131,-0.35520612090659576,-40.0,145600
91,0.41087654,0.036979128,-27.083853,-27.083853,920,0.0,0.0,0.0,-0.15190824641162776,-0.22059078147089964,-0.2967620371172838,-40.0,36800,nan,nan,3680,0.0,0.0,0.0,-0.14285789928697315,-0.23199367107241783,-0.3277513157246304,-40.0,147200
92,0.4108654,0.03702611,-27.252268,-27.252268,930,0.0,0.0,0.0,-0.18052516475672847,-0.24667173008401097,-0.3135178676383984,-40.0,37200,nan,nan,3720,0.0,0.0,0.0,-0.14102316872564352,-0.239318768124475,-0.3555144251447756,-40.0,148800
93,0.410774,0.037050758,-27.41654,-27.41654,940,0.0,0.0,0.0,-0.18742099313150445,-0.24884748352545102,-0.3281326310910652,-40.0,37600,nan,nan,3760,0.0,0.0,0.0,-0.16097109809987795,-0.251640383007823,-0.35285231315680504,-40.0,150400
94,0.4107056,0.037080284,-27.565159,-27.565159,950,0.0,0.0,0.0,-0.18560255699521003,-0.25763353847612813,-0.31799504153341934,-40.0,38000,nan,nan,3800,0.0,0.0,0.0,-0.15331975047050464,-0.2501903135174485,-0.345936608437445,-40.0,152000
95,0.4106988,0.03712651,-27.742823,-27.742823,960,0.0,0.0,0.0,-0.15841291235219968,-0.21062710252599054,-0.28275099484980676,-40.0,38400,nan,nan,3840,0.0,0.0,0.0,-0.13315700648936318,-0.24312162102639104,-0.33727539097359377,-40.0,153600
96,0.4106226,0.037148442,-27.866524,-27.866524,970,0.0,0.0,0.0,-0.15850588893767176,-0.2138416796592795,-0.2948698646161985,-40.0,38800,nan,nan,3880,0.0,0.0,0.0,-0.14601773825043254,-0.23351597996382556,-0.32031313925522187,-40.0,155200
97,0.41062275,0.03717949,-28.006193,-28.006193,980,0.0,0.0,0.0,-0.17596911569896856,-0.23271814451398465,-0.2751894716837126,-40.0,39200,nan,nan,3920,0.0,0.0,0.0,-0.13190638760709233,-0.2318819855511908,-0.3320759595225365,-40.0,156800
98,0.41062573,0.037196107,-28.1457,-28.1457,990,0.0,0.0,0.0,-0.1885186829275684,-0.2331952747997918,-0.2889742642243348,-40.0,39600,nan,nan,3960,0.0,0.0,0.0,-0.13147564267152667,-0.22712572643458992,-0.33303539936910387,-40.0,158400
99,0.41067967,0.03725661,-28.286812,-28.286812,1000,0.0,0.0,0.0,-0.17183231218796316,-0.23214365068726633,-0.28837496622377545,-40.0,40000,nan,nan,4000,0.0,0.0,0.0,-0.14101266371006954,-0.22534009946870395,-0.32564585418368774,-40.0,160000
100,0.41066742,0.0372682,-28.471352,-28.471352,1010,0.0,0.0,0.0,-0.1520491326062565,-0.2096976673173714,-0.2823131285120577,-40.0,40400,nan,nan,4040,0.0,0.0,0.0,-0.12893166974581846,-0.2289067566490468,-0.32507552449912624,-40.0,161600
101,0.41058877,0.037293408,-28.578056,-28.578056,1020,0.0,0.0,0.0,-0.1889154868309742,-0.2371480068094739,-0.2957230814520087,-40.0,40800,nan,nan,4080,0.0,0.0,0.0,-0.1300409092150361,-0.23842675463198654,-0.33419320601359165,-40.0,163200
102,0.410619,0.03733294,-28.724072,-28.724072,1030,0.0,0.0,0.0,-0.22743402092713524,-0.2546104454263298,-0.3033206426878491,-40.0,41200,nan,nan,4120,0.0,0.0,0.0,-0.14178385698394383,-0.23933193712700115,-0.34475185649226786,-40.0,164800
103,0.4105779,0.037340865,-28.861866,-28.861866,1040,0.0,0.0,0.0,-0.17928303296513315,-0.24086833408734507,-0.3189765595710854,-40.0,41600,nan,nan,4160,0.0,0.0,0.0,-0.15471120676684263,-0.24215665584227755,-0.3354208696740709,-40.0,166400
104,0.4105872,0.03736837,-28.98823,-28.98823,1050,0.0,0.0,0.0,-0.15407019570929864,-0.23086004687020142,-0.3037939106928802,-40.0,42000,nan,nan,4200,0.0,0.0,0.0,-0.16247253295826639,-0.24493167179975037,-0.348397329424765,-40.0,168000
105,0.410606,0.03739385,-29.120367,-29.120367,1060,0.0,0.0,0.0,-0.18819581194000862,-0.24853695977822154,-0.30834706952003893,-40.0,42400,nan,nan,4240,0.0,0.0,0.0,-0.13955961357329166,-0.24492217613573572,-0.3519400162357216,-40.0,169600
106,0.41061187,0.03739956,-29.265282,-29.265282,1070,0.0,0.0,0.0,-0.16391875968173047,-0.23531096040431113,-0.33527988364375916,-40.0,42800,nan,nan,4280,0.0,0.0,0.0,-0.14538828023324382,-0.2393538978536837,-0.33358701320619266,-40.0,171200
107,0.4105995,0.037487198,-29.417583,-29.417583,1080,0.0,0.0,0.0,-0.2077177579769389,-0.25121241981826914,-0.30519236007254275,-40.0,43200,nan,nan,4320,0.0,0.0,0.0,-0.1729350027814742,-0.2691576120695339,-0.36364385866028426,-40.0,172800
108,0.41065776,0.03752445,-29.574608,-29.574608,1090,0.0,0.0,0.0,-0.1514943588762016,-0.20475190826916742,-0.2675934924694109,-40.0,43600,nan,nan,4360,0.0,0.0,0.0,-0.15178863527659298,-0.22901754975041558,-0.29967532657420193,-40.0,174400
109,0.41062653,0.03756683,-29.620972,-29.620972,1100,0.0,0.0,0.0,-0.1903033533773528,-0.2572378980221176,-0.31524265046134087,-40.0,44000,nan,nan,4400,0.0,0.0,0.0,-0.14941419637732914,-0.24745609240302707,-0.33396164361459857,-40.0,176000
110,0.4106369,0.037582193,-29.768126,-29.768126,1110,0.0,0.0,0.0,-0.15831599369920882,-0.21332845591505326,-0.29238077953781083,-40.0,44400,nan,nan,4440,0.0,0.0,0.0,-0.1351437530429555,-0.23157497564970192,-0.32560000303185055,-40.0,177600
111,0.4106345,0.037587352,-29.90449,-29.90449,1120,0.0,0.0,0.0,-0.1900078143090641,-0.24665330899854596,-0.30461713759087417,-40.0,44800,nan,nan,4480,0.0,0.0,0.0,-0.1381760372952629,-0.22642309908544492,-0.32707649120151244,-40.0,179200
112,0.41064024,0.037620097,-30.034458,-30.034458,1130,0.0,0.0,0.0,-0.165551966371718,-0.23340248953190065,-0.3075414954104823,-40.0,45200,nan,nan,4520,0.0,0.0,0.0,-0.14349600077055236,-0.23227985503967327,-0.3262026928461517,-40.0,180800
113,0.41061652,0.037650246,-30.176685,-30.176685,1140,0.0,0.0,0.0,-0.16633686784327426,-0.20763895745836486,-0.26186721902046767,-40.0,45600,nan,nan,4560,0.0,0.0,0.0,-0.14347870068782118,-0.24476458173073365,-0.34261718407490166,-40.0,182400
114,0.4105811,0.037670024,-30.315298,-30.315298,1150,0.0,0.0,0.0,-0.14518550924079454,-0.22886200344969354,-0.30442834876357383,-40.0,46000,nan,nan,4600,0.0,0.0,0.0,-0.16968881392846852,-0.24361725945927049,-0.32356761141267876,-40.0,184000
115,0.4106671,0.037706856,-30.402992,-30.402992,1160,0.0,0.0,0.0,-0.1794140206418763,-0.22801909634078185,-0.27619379535862054,-40.0,46400,nan,nan,4640,0.0,0.0,0.0,-0.1319561806709913,-0.21937406467709666,-0.3236929909458972,-40.0,185600
116,0.41066626,0.03772998,-30.52694,-30.52694,1170,0.0,0.0,0.0,-0.17494916323596427,-0.24231883126900047,-0.31078840001475444,-40.0,46800,nan,nan,4680,0.0,0.0,0.0,-0.15514060025931267,-0.2485152504705824,-0.34636487010206646,-40.0,187200
117,0.4106426,0.03776223,-30.65605,-30.65605,1180,0.0,0.0,0.0,-0.16843410024743893,-0.22398958509350855,-0.2798196406595069,-40.0,47200,nan,nan,4720,0.0,0.0,0.0,-0.14522275614937072,-0.24785791434781732,-0.34974925026846504,-40.0,188800
118,0.41057685,0.03781385,-30.752525,-30.752525,1190,0.0,0.0,0.0,-0.1676883103287278,-0.2217842421314003,-0.30717783338259647,-40.0,47600,nan,nan,4760,0.0,0.0,0.0,-0.15934673328095633,-0.2591736049922496,-0.3649456458647492,-40.0,190400
119,0.41058132,0.037839666,-30.879414,-30.879414,1200,0.0,0.0,0.0,-0.18582409278898457,-0.2450792014196785,-0.32911408820101995,-40.0,48000,nan,nan,4800,0.0,0.0,0.0,-0.1505752886621142,-0.23993824589749954,-0.33903962993843995,-40.0,192000
120,0.41051564,0.037864167,-30.978786,-30.978786,1210,0.0,0.0,0.0,-0.1837430904490751,-0.24283636719188068,-0.32221788943212426,-40.0,48400,nan,nan,4840,0.0,0.0,0.0,-0.13703909309285583,-0.24294522571698204,-0.3643748056037054,-40.0,193600
121,0.4104762,0.0379061,-31.055777,-31.055777,1220,0.0,0.0,0.0,-0.15934609843061381,-0.23434065008088198,-0.31411132944845227,-40.0,48800,nan,nan,4880,0.0,0.0,0.0,-0.1522177189113193,-0.2569808355269369,-0.3706961343011499,-40.0,195200
122,0.41040882,0.03790998,-31.173891,-31.173891,1230,0.0,0.0,0.0,-0.16868108329295248,-0.2401894900358161,-0.3554881934822782,-40.0,49200,nan,nan,4920,0.0,0.0,0.0,-0.16385792882288902,-0.2502827311278232,-0.34080551032268336,-40.0,196800
123,0.4104085,0.03794611,-31.2992,-31.2992,1240,0.0,0.0,0.0,-0.18869365863559717,-0.24527950974131724,-0.31737365715051813,-40.0,49600,nan,nan,4960,0.0,0.0,0.0,-0.1633041047832799,-0.2455731833776876,-0.352085173718124,-40.0,198400
124,0.41041028,0.037966993,-31.423906,-31.423906,1250,0.0,0.0,0.0,-0.18002261318670193,-0.22484089401321558,-0.2674611763489802,-40.0,50000,nan,nan,5000,0.0,0.0,0.0,-0.14613322555129007,-0.239316612801521,-0.34143990649276823,-40.0,200000
125,0.41044533,0.038005784,-31.503897,-31.503897,1260,0.0,0.0,0.0,-0.15033614255579084,-0.2304595183752744,-0.30656483109008437,-40.0,50400,nan,nan,5040,0.0,0.0,0.0,-0.14490533812251338,-0.2423905943349714,-0.3414512707650229,-40.0,201600
126,0.4104446,0.038021386,-31.635103,-31.635103,1270,0.0,0.0,0.0,-0.1652051240644603,-0.21282505496703574,-0.27137089816925003,-40.0,50800,nan,nan,5080,0.0,0.0,0.0,-0.13410098432368253,-0.23074395095417918,-0.3483937411859874,-40.0,203200
127,0.41042113,0.038022198,-31.696894,-31.696894,1280,0.0,0.0,0.0,-0.1768623203905558,-0.24134446991873063,-0.29987566581648334,-40.0,51200,nan,nan,5120,0.0,0.0,0.0,-0.1584941539813028,-0.24236194092484853,-0.3291366161865892,-40.0,204800
128,0.41040698,0.03803306,-31.922285,-31.922285,1290,0.0,0.0,0.0,-0.18630464364906948,-0.23532093153410094,-0.33342496965271307,-40.0,51600,nan,nan,5160,0.0,0.0,0.0,-0.14018693676387944,-0.2319280335454308,-0.3261330897869218,-40.0,206400
129,0.41042212,0.038081452,-31.973398,-31.973398,1300,0.0,0.0,0.0,-0.1553590905121216,-0.22646580706069794,-0.3082529185952385,-40.0,52000,nan,nan,5200,0.0,0.0,0.0,-0.12935223458838546,-0.23803457766023253,-0.3373808920908496,-40.0,208000
130,0.41039824,0.038105614,-32.040394,-32.040394,1310,0.0,0.0,0.0,-0.17782371089979945,-0.23442828153942827,-0.3184134011435902,-40.0,52400,nan,nan,5240,0.0,0.0,0.0,-0.1473266009138708,-0.2434657483966011,-0.3442779371896363,-40.0,209600
131,0.4103965,0.038151734,-32.121723,-32.121723,1320,0.0,0.0,0.0,-0.1385267453542019,-0.2205453417858894,-0.28175935564044463,-40.0,52800,nan,nan,5280,0.0,0.0,0.0,-0.13777322842103829,-0.24133261755421787,-0.3559289264135055,-40.0,211200
132,0.4103644,0.038150944,-32.21376,-32.21376,1330,0.0,0.0,0.0,-0.15421862858139462,-0.21929151098703817,-0.2797858954940499,-40.0,53200,nan,nan,5320,0.0,0.0,0.0,-0.14607470279481044,-0.23543753782782745,-0.32370013382846574,-40.0,212800
133,0.4103262,0.03815926,-32.305893,-32.305893,1340,0.0,0.0,0.0,-0.1518972750809822,-0.24156371097787271,-0.32126535647179766,-40.0,53600,nan,nan,5360,0.0,0.0,0.0,-0.165932910975795,-0.25486970479081206,-0.3480843493620958,-40.0,214400
134,0.41033614,0.038162816,-32.392174,-32.392174,1350,0.0,0.0,0.0,-0.183628782574161,-0.24048359438016512,-0.2905684797872349,-40.0,54000,nan,nan,5400,0.0,0.0,0.0,-0.14955196985225014,-0.2328886769575469,-0.34292511953966376,-40.0,216000
135,0.4102744,0.038186453,-32.507877,-32.507877,1360,0.0,0.0,0.0,-0.18472487680389532,-0.2666586800266347,-0.32519489403837454,-40.0,54400,nan,nan,5440,0.0,0.0,0.0,-0.17859542583873853,-0.2565777900354115,-0.3349754513241132,-40.0,217600
136,0.41027212,0.03820594,-32.61156,-32.61156,1370,0.0,0.0,0.0,-0.1820367680914031,-0.2567208457927421,-0.3238592393626231,-40.0,54800,nan,nan,5480,0.0,0.0,0.0,-0.15442974471282986,-0.2476706599531175,-0.34676396019036854,-40.0,219200
137,0.41020927,0.038228255,-32.737186,-32.737186,1380,0.0,0.0,0.0,-0.16181702788556226,-0.23694774103208907,-0.3228860067576296,-40.0,55200,nan,nan,5520,0.0,0.0,0.0,-0.17359670123912826,-0.2593130345152024,-0.36437342839620246,-40.0,220800
138,0.41020676,0.03823056,-32.771114,-32.771114,1390,0.0,0.0,0.0,-0.13984025422475568,-0.23532991922662,-0.3055610435570909,-40.0,55600,nan,nan,5560,0.0,0.0,0.0,-0.16271320458243566,-0.23448526064667483,-0.30911883577626864,-40.0,222400
139,0.4102457,0.038232964,-32.888924,-32.888924,1400,0.0,0.0,0.0,-0.1505827463016978,-0.20623996803939143,-0.3121249316734104,-40.0,56000,nan,nan,5600,0.0,0.0,0.0,-0.13930877728127833,-0.22839170943037454,-0.3273284693386609,-40.0,224000
140,0.41019395,0.038263272,-32.967613,-32.967613,1410,0.0,0.0,0.0,-0.1627399521567744,-0.2336487790483156,-0.31705845975602165,-40.0,56400,nan,nan,5640,0.0,0.0,0.0,-0.1787916330232001,-0.2624774777524942,-0.3670201467551432,-40.0,225600
141,0.41019675,0.03828155,-33.065556,-33.065556,1420,0.0,0.0,0.0,-0.1782291248001003,-0.2263506777315661,-0.2720841163111549,-40.0,56800,nan,nan,5680,0.0,0.0,0.0,-0.16495526397896956,-0.24807853100170396,-0.3543634199157984,-40.0,227200
142,0.41022548,0.038323667,-33.16302,-33.16302,1430,0.0,0.0,0.0,-0.19783822466338524,-0.26121160667344057,-0.30254038948484485,-40.0,57200,nan,nan,5720,0.0,0.0,0.0,-0.13451978768692624,-0.25020487666309726,-0.35923294945936907,-40.0,228800
143,0.41019693,0.038350936,-33.216446,-33.216446,1440,0.0,0.0,0.0,-0.15267777656553458,-0.22005027148425726,-0.288455105336415,-40.0,57600,nan,nan,5760,0.0,0.0,0.0,-0.1375444442074475,-0.23571082118201175,-0.33461393570186526,-40.0,230400
144,0.4101785,0.038363624,-33.25894,-33.25894,1450,0.0,0.0,0.0,-0.15739733959870475,-0.23088884193071074,-0.29855395838373916,-40.0,58000,nan,nan,5800,0.0,0.0,0.0,-0.15780635457259534,-0.24468944249572527,-0.34325433460186294,-40.0,232000
145,0.41013458,0.038362667,-33.372196,-33.372196,1460,0.0,0.0,0.0,-0.17106876652031885,-0.23094095856278202,-0.3112070497590169,-40.0,58400,nan,nan,5840,0.0,0.0,0.0,-0.1524814123201606,-0.24065104215804528,-0.32532240238468785,-40.0,233600
146,0.4100988,0.03838325,-33.461254,-33.461254,1470,0.0,0.0,0.0,-0.1563050470122942,-0.22788185793560778,-0.28439596206000123,-40.0,58800,nan,nan,5880,0.0,0.0,0.0,-0.16591867552686346,-0.25728666407654505,-0.361671671666281,-40.0,235200
147,0.4100996,0.038374115,-33.55952,-33.55952,1480,0.0,0.0,0.0,-0.16634102294992362,-0.231034676390572,-0.2898603483452588,-40.0,59200,nan,nan,5920,0.0,0.0,0.0,-0.1293382022356451,-0.22818805043851592,-0.32559245309191687,-40.0,236800
148,0.41011545,0.038401596,-33.63076,-33.63076,1490,0.0,0.0,0.0,-0.18038026129097479,-0.23825119630562305,-0.3261537317589519,-40.0,59600,nan,nan,5960,0.0,0.0,0.0,-0.14810153756417746,-0.2518597329388151,-0.3726653440466197,-40.0,238400
149,0.41013017,0.038424697,-33.68263,-33.68263,1500,0.0,0.0,0.0,-0.17337452505993023,-0.2303549996193367,-0.27276584061446196,-40.0,60000,nan,nan,6000,0.0,0.0,0.0,-0.1407575501369194,-0.24338560553270344,-0.35260943383781423,-40.0,240000
150,0.41009986,0.03842823,-33.81772,-33.81772,1510,0.0,0.0,0.0,-0.16108338848943074,-0.22519425378474267,-0.27288722809449206,-40.0,60400,nan,nan,6040,0.0,0.0,0.0,-0.15054063663551664,-0.23650343939191143,-0.3220403846095798,-40.0,241600
151,0.41006675,0.03844685,-33.956715,-33.956715,1520,0.0,0.0,0.0,-0.16196652571868433,-0.234622493909256,-0.30349910306180317,-40.0,60800,nan,nan,6080,0.0,0.0,0.0,-0.14272902253282493,-0.24245224098712592,-0.3486163309000469,-40.0,243200
152,0.41008472,0.03845529,-33.92396,-33.92396,1530,0.0,0.0,0.0,-0.14746813204515763,-0.23233576741133152,-0.2723690856039197,-40.0,61200,nan,nan,6120,0.0,0.0,0.0,-0.13749038094984298,-0.2239452882269728,-0.3196683596481009,-40.0,244800
153,0.41009042,0.038464513,-34.009495,-34.009495,1540,0.0,0.0,0.0,-0.15288079421189776,-0.26205112745689413,-0.32033465175844145,-40.0,61600,nan,nan,6160,0.0,0.0,0.0,-0.14393518906600852,-0.24276538057820413,-0.3417209876194461,-40.0,246400
154,0.41010603,0.038472675,-34.092308,-34.092308,1550,0.0,0.0,0.0,-0.16973150056350175,-0.24926241463449245,-0.2899017563072864,-40.0,62000,nan,nan,6200,0.0,0.0,0.0,-0.1509934191873354,-0.23850494234314507,-0.33244020356769227,-40.0,248000
155,0.410086,0.03851674,-34.171112,-34.171112,1560,0.0,0.0,0.0,-0.17372548063675197,-0.24801555875462428,-0.2923824374523237,-40.0,62400,nan,nan,6240,0.0,0.0,0.0,-0.14377631149283096,-0.25331595616409575,-0.3661726984126418,-40.0,249600
156,0.41007796,0.03852162,-34.24822,-34.24822,1570,0.0,0.0,0.0,-0.192807217563827,-0.23266410478402108,-0.30474848763739737,-40.0,62800,nan,nan,6280,0.0,0.0,0.0,-0.16857533917431916,-0.23949767568640074,-0.3322089841269972,-40.0,251200
157,0.4100803,0.038548596,-34.28698,-34.28698,1580,0.0,0.0,0.0,-0.17580789631143648,-0.2351970497462504,-0.28694577024489953,-40.0,63200,nan,nan,6320,0.0,0.0,0.0,-0.1605409903213808,-0.2527891286671893,-0.36530241313860806,-40.0,252800
158,0.410094,0.03856979,-34.39564,-34.39564,1590,0.0,0.0,0.0,-0.15744829068737898,-0.23437104502707307,-0.2950813442286071,-40.0,63600,nan,nan,6360,0.0,0.0,0.0,-0.15281530255038028,-0.2521636733106806,-0.36447397134798565,-40.0,254400
159,0.4100802,0.03857729,-34.458298,-34.458298,1600,0.0,0.0,0.0,-0.20373870996462634,-0.2545868153344102,-0.3245318641939225,-40.0,64000,nan,nan,6400,0.0,0.0,0.0,-0.15711442147932586,-0.24772929643649624,-0.3496582279395277,-40.0,256000
160,0.41005957,0.038613062,-34.518364,-34.518364,1610,0.0,0.0,0.0,-0.19048891372082463,-0.26331137300275836,-0.3270747863541264,-40.0,64400,nan,nan,6440,0.0,0.0,0.0,-0.16098843192971918,-0.2587316786338817,-0.36538727302004326,-40.0,257600
161,0.41005194,0.03862779,-34.5965,-34.5965,1620,0.0,0.0,0.0,-0.19681515321834284,-0.27268980000089654,-0.3356431319029908,-40.0,64800,nan,nan,6480,0.0,0.0,0.0,-0.1677927316288965,-0.2576022229649451,-0.34840685639417346,-40.0,259200
162,0.41006002,0.038665686,-34.71082,-34.71082,1630,0.0,0.0,0.0,-0.18806402248855666,-0.26648602508034563,-0.3552362873016809,-40.0,65200,nan,nan,6520,0.0,0.0,0.0,-0.16387002817470447,-0.25950262362934745,-0.37290356092527316,-40.0,260800
163,0.4100561,0.03868932,-34.72423,-34.72423,1640,0.0,0.0,0.0,-0.16278829256628505,-0.2534751912258138,-0.3547559323898194,-40.0,65600,nan,nan,6560,0.0,0.0,0.0,-0.1773782461981322,-0.2640782841425208,-0.3590259174944078,-40.0,262400
164,0.41002858,0.03871694,-34.79299,-34.79299,1650,0.0,0.0,0.0,-0.1549564261792376,-0.23045204597145422,-0.3178021306822827,-40.0,66000,nan,nan,6600,0.0,0.0,0.0,-0.1725941946031299,-0.26308455707907213,-0.3615967059643551,-40.0,264000
165,0.41003954,0.038741104,-34.803726,-34.803726,1660,0.0,0.0,0.0,-0.17104669009858509,-0.26676348161448826,-0.35362410307128567,-40.0,66400,nan,nan,6640,0.0,0.0,0.0,-0.16668480880355982,-0.2539795388128056,-0.35077699243933647,-40.0,265600
166,0.41000584,0.038763877,-34.876522,-34.876522,1670,0.0,0.0,0.0,-0.19200277555117357,-0.25597257575662236,-0.35188504878350396,-40.0,66800,nan,nan,6680,0.0,0.0,0.0,-0.16221085394783924,-0.2694923323162423,-0.3894450057089137,-40.0,267200
167,0.40999007,0.038773317,-34.986187,-34.986187,1680,0.0,0.0,0.0,-0.17257037027336297,-0.2553554484893793,-0.33419175539736773,-40.0,67200,nan,nan,6720,0.0,0.0,0.0,-0.1420022734449621,-0.2402750644301422,-0.3601937958406807,-40.0,268800
168,0.410004,0.038802337,-35.041573,-35.041573,1690,0.0,0.0,0.0,-0.15698313185352558,-0.23115676559665432,-0.3111149477035132,-40.0,67600,nan,nan,6760,0.0,0.0,0.0,-0.14710706610043703,-0.24996042744441532,-0.36101660440250444,-40.0,270400
169,0.4100246,0.038814966,-35.06859,-35.06859,1700,0.0,0.0,0.0,-0.1565248151117199,-0.24444567564896072,-0.3038952408132699,-40.0,68000,nan,nan,6800,0.0,0.0,0.0,-0.16167849266200757,-0.24716607323096115,-0.3554395110440322,-40.0,272000
170,0.41006854,0.038842026,-35.17025,-35.17025,1710,0.0,0.0,0.0,-0.17665559735090566,-0.227677150454481,-0.2959809613952592,-40.0,68400,nan,nan,6840,0.0,0.0,0.0,-0.16926854679067638,-0.25188200468577604,-0.3514259519142442,-40.0,273600
171,0.4100401,0.038851377,-35.21124,-35.21124,1720,0.0,0.0,0.0,-0.1612553224343599,-0.23651779451399868,-0.32555507743519674,-40.0,68800,nan,nan,6880,0.0,0.0,0.0,-0.14435538999230885,-0.24741091648260877,-0.3504926307282562,-40.0,275200
172,0.41003326,0.03886034,-35.27405,-35.27405,1730,0.0,0.0,0.0,-0.1681332239115529,-0.25886228609304646,-0.3326591937632713,-40.0,69200,nan,nan,6920,0.0,0.0,0.0,-0.1747276275800148,-0.2589976692965537,-0.34512389852461783,-40.0,276800
173,0.41005337,0.0388801,-35.331802,-35.331802,1740,0.0,0.0,0.0,-0.16710409285488045,-0.23731873033631465,-0.3202120901201027,-40.0,69600,nan,nan,6960,0.0,0.0,0.0,-0.1477228761141383,-0.2503681050809169,-0.37723061885910497,-40.0,278400
174,0.4100504,0.038912404,-35.4002,-35.4002,1750,0.0,0.0,0.0,-0.16992545893198874,-0.24881365629202748,-0.3034096304764526,-40.0,70000,nan,nan,7000,0.0,0.0,0.0,-0.15596843452429687,-0.2505336507206394,-0.37057276309459575,-40.0,280000
175,0.4100274,0.038900223,-35.445675,-35.445675,1760,0.0,0.0,0.0,-0.16615844668601043,-0.24773184088950898,-0.30322031380147624,-40.0,70400,nan,nan,7040,0.0,0.0,0.0,-0.149801456934967,-0.2338188846337112,-0.3292797761303988,-40.0,281600
176,0.40999737,0.038889926,-35.514282,-35.514282,1770,0.0,0.0,0.0,-0.1887342413384664,-0.2623615024938395,-0.37277392808134996,-40.0,70800,nan,nan,7080,0.0,0.0,0.0,-0.157004877787881,-0.2367206501713705,-0.33936513692502973,-40.0,283200
177,0.40996626,0.038882803,-35.592545,-35.592545,1780,0.0,0.0,0.0,-0.16684427525375728,-0.2309336241996534,-0.329790178948566,-40.0,71200,nan,nan,7120,0.0,0.0,0.0,-0.1507734378094723,-0.2416078906536964,-0.3390349253335868,-40.0,284800
178,0.40995082,0.038887702,-35.6552,-35.6552,1790,0.0,0.0,0.0,-0.15643564851597322,-0.2629335799586885,-0.3335733778899507,-40.0,71600,nan,nan,7160,0.0,0.0,0.0,-0.1738846753994337,-0.2553440670104421,-0.3434921584420948,-40.0,286400
179,0.40992698,0.038884085,-35.68152,-35.68152,1800,0.0,0.0,0.0,-0.16215047989731332,-0.25558648249720956,-0.3390099982614344,-40.0,72000,nan,nan,7200,0.0,0.0,0.0,-0.1640732744902513,-0.24661905256277233,-0.34985786130076296,-40.0,288000
180,0.409937,0.03890607,-35.665283,-35.665283,1810,0.0,0.0,0.0,-0.17110390086037483,-0.24505946032106668,-0.3176654744005417,-40.0,72400,nan,nan,7240,0.0,0.0,0.0,-0.16561405317135244,-0.25437913657698574,-0.34778121168602233,-40.0,289600
181,0.40995848,0.038915906,-35.824673,-35.824673,1820,0.0,0.0,0.0,-0.1991102241621771,-0.28002433159023093,-0.35781046217153856,-40.0,72800,nan,nan,7280,0.0,0.0,0.0,-0.16698328086340145,-0.24897389791556837,-0.33925771107108044,-40.0,291200
182,0.4099499,0.038928334,-35.912613,-35.912613,1830,0.0,0.0,0.0,-0.1513326990765854,-0.22482049918099128,-0.2729776793302259,-40.0,73200,nan,nan,7320,0.0,0.0,0.0,-0.15901496125784303,-0.2462672201794312,-0.3438273295435532,-40.0,292800
183,0.40996262,0.038934425,-35.890175,-35.890175,1840,0.0,0.0,0.0,-0.17404668620244068,-0.2356762584555237,-0.3012284075718417,-40.0,73600,nan,nan,7360,0.0,0.0,0.0,-0.14865471908272732,-0.23586623731029852,-0.34135938899506446,-40.0,294400
184,0.40994278,0.038944248,-35.94286,-35.94286,1850,0.0,0.0,0.0,-0.15814267365217952,-0.26255541135539917,-0.33569863485348567,-40.0,74000,nan,nan,7400,0.0,0.0,0.0,-0.15790282859904753,-0.25432465732291093,-0.38130893353326767,-40.0,296000
185,0.4098945,0.03897886,-36.007935,-36.007935,1860,0.0,0.0,0.0,-0.1586183044543585,-0.22323379017843578,-0.3086747695864816,-40.0,74400,nan,nan,7440,0.0,0.0,0.0,-0.16670340751660834,-0.2611100758818721,-0.3820509870230509,-40.0,297600
186,0.40985468,0.03899371,-36.021584,-36.021584,1870,0.0,0.0,0.0,-0.15648424313881606,-0.22937570827764786,-0.32682437522081975,-40.0,74800,nan,nan,7480,0.0,0.0,0.0,-0.1584478694524973,-0.24877370617464356,-0.348305850110051,-40.0,299200
187,0.40981746,0.03898417,-36.06623,-36.06623,1880,0.0,0.0,0.0,-0.19280880611359558,-0.2680736679588436,-0.3429672075870985,-40.0,75200,nan,nan,7520,0.0,0.0,0.0,-0.15352299952835147,-0.24633459946711533,-0.3465626617503481,-40.0,300800
188,0.40981618,0.0389946,-36.136112,-36.136112,1890,0.0,0.0,0.0,-0.16935997727693167,-0.2490117012571992,-0.34278236409710355,-40.0,75600,nan,nan,7560,0.0,0.0,0.0,-0.1637992238736587,-0.25515621705923663,-0.3663921435696089,-40.0,302400
189,0.40979874,0.03899875,-36.219776,-36.219776,1900,0.0,0.0,0.0,-0.15953582012017498,-0.23067367671900185,-0.32458909780505857,-40.0,76000,nan,nan,7600,0.0,0.0,0.0,-0.1507913966490752,-0.24398060158110385,-0.3666678293418898,-40.0,304000
190,0.40977833,0.03901468,-36.223385,-36.223385,1910,0.0,0.0,0.0,-0.15155545204341686,-0.2156750118060536,-0.2809858575659579,-40.0,76400,nan,nan,7640,0.0,0.0,0.0,-0.1563058288637185,-0.25267660214950444,-0.3441083304562933,-40.0,305600
191,0.40980604,0.03903313,-36.25636,-36.25636,1920,0.0,0.0,0.0,-0.1598928490393348,-0.23820317151650905,-0.32448074276251315,-40.0,76800,nan,nan,7680,0.0,0.0,0.0,-0.1490330184624618,-0.2365266182864833,-0.32258365480149176,-40.0,307200
192,0.40980217,0.039052624,-36.322227,-36.322227,1930,0.0,0.0,0.0,-0.14125142509943456,-0.22297041618314503,-0.29430972264742145,-40.0,77200,nan,nan,7720,0.0,0.0,0.0,-0.15127477982370205,-0.24408478547840234,-0.34075339181247244,-40.0,308800
193,0.4098228,0.03905763,-36.366745,-36.366745,1940,0.0,0.0,0.0,-0.160350816917915,-0.24412375892532645,-0.3337647062008019,-40.0,77600,nan,nan,7760,0.0,0.0,0.0,-0.1509211802779113,-0.23879236919951824,-0.34405001499016147,-40.0,310400
194,0.40983835,0.03905405,-36.37355,-36.37355,1950,0.0,0.0,0.0,-0.1622216893022383,-0.21769633121605303,-0.2926424834213826,-40.0,78000,nan,nan,7800,0.0,0.0,0.0,-0.15025196604295338,-0.2272758871010848,-0.3182885596585685,-40.0,312000
195,0.4098027,0.0390621,-36.46427,-36.46427,1960,0.0,0.0,0.0,-0.1446348254548087,-0.22097665284958296,-0.28141069324449364,-40.0,78400,nan,nan,7840,0.0,0.0,0.0,-0.15527362344101364,-0.2486260346313191,-0.335399134276833,-40.0,313600
196,0.40976322,0.03908246,-36.5474,-36.5474,1970,0.0,0.0,0.0,-0.1739052469901809,-0.22763486439694894,-0.3093922973891849,-40.0,78800,nan,nan,7880,0.0,0.0,0.0,-0.17589722976243993,-0.2629267298088347,-0.36311898469750875,-40.0,315200
197,0.40973723,0.039077956,-36.58279,-36.58279,1980,0.0,0.0,0.0,-0.18040040261826404,-0.22963083095240988,-0.2946228016144366,-40.0,79200,nan,nan,7920,0.0,0.0,0.0,-0.17595492643010716,-0.25332555159917514,-0.3330996331274004,-40.0,316800
198,0.40973878,0.039090466,-36.62628,-36.62628,1990,0.0,0.0,0.0,-0.16159306961800873,-0.2295384843874988,-0.29127682610744116,-40.0,79600,nan,nan,7960,0.0,0.0,0.0,-0.13558938969497839,-0.22819643193728317,-0.32090092435407447,-40.0,318400
199,0.40974852,0.03908607,-36.673622,-36.673622,2000,0.0,0.0,0.0,-0.15967665729765898,-0.20095971592269424,-0.24226982268674896,-40.0,80000,nan,nan,8000,0.0,0.0,0.0,-0.15407014248618364,-0.24458557212904508,-0.3480918228058464,-40.0,320000
200,0.40970623,0.03911616,-36.757572,-36.757572,2010,0.0,0.0,0.0,-0.17829568023284792,-0.26089508557114227,-0.31647693975963953,-40.0,80400,nan,nan,8040,0.0,0.0,0.0,-0.1807607321632157,-0.26986832142870065,-0.3840010344587573,-40.0,321600
201,0.40972996,0.03911893,-36.71522,-36.71522,2020,0.0,0.0,0.0,-0.15488769607337086,-0.22189955508138925,-0.31531406729089423,-40.0,80800,nan,nan,8080,0.0,0.0,0.0,-0.15348166098633326,-0.24705744283423434,-0.35048866463209666,-40.0,323200
202,0.4096931,0.039150696,-36.73684,-36.73684,2030,0.0,0.0,0.0,-0.15839347257077047,-0.228626820353677,-0.287262213424448,-40.0,81200,nan,nan,8120,0.0,0.0,0.0,-0.16082964309938988,-0.26490169223121224,-0.3812712363928664,-40.0,324800
203,0.4096589,0.039161824,-36.852646,-36.852646,2040,0.0,0.0,0.0,-0.16961875081753836,-0.240469595580155,-0.28522823454513674,-40.0,81600,nan,nan,8160,0.0,0.0,0.0,-0.13407306136676206,-0.2398075878186659,-0.3413459810259716,-40.0,326400
204,0.40965208,0.039170835,-36.720776,-36.720776,2050,0.0,0.0,0.0,-0.17204200013018145,-0.22708513930665444,-0.29709852724723435,-40.0,82000,nan,nan,8200,0.0,0.0,0.0,-0.14063963350432732,-0.24833496662456764,-0.3529051048386669,-40.0,328000
205,0.4096756,0.039179005,-36.91985,-36.91985,2060,0.0,0.0,0.0,-0.16811719048186993,-0.24431937588358996,-0.33493664548690727,-40.0,82400,nan,nan,8240,0.0,0.0,0.0,-0.15668393098998934,-0.24549042712765184,-0.35887338028942556,-40.0,329600
206,0.40964213,0.039188046,-36.9682,-36.9682,2070,0.0,0.0,0.0,-0.16262655193632197,-0.23379034805023038,-0.3019285017367099,-40.0,82800,nan,nan,8280,0.0,0.0,0.0,-0.1683353086989446,-0.26046142659439353,-0.3604603195881344,-40.0,331200
207,0.4096192,0.03919436,-36.93386,-36.93386,2080,0.0,0.0,0.0,-0.16762019691921057,-0.24961649828764043,-0.3158619831619324,-40.0,83200,nan,nan,8320,0.0,0.0,0.0,-0.1724663581159885,-0.2552002216104722,-0.3441324805376625,-40.0,332800
208,0.4096031,0.039190583,-37.014328,-37.014328,2090,0.0,0.0,0.0,-0.16789849370864376,-0.25811303208542846,-0.3595591161510564,-40.0,83600,nan,nan,8360,0.0,0.0,0.0,-0.13536810794923312,-0.2392834232047838,-0.36202956031086575,-40.0,334400
209,0.40957332,0.039222922,-37.007328,-37.007328,2100,0.0,0.0,0.0,-0.16020174095408823,-0.24036780101438127,-0.3363524285255205,-40.0,84000,nan,nan,8400,0.0,0.0,0.0,-0.16720066245069778,-0.2699696059695616,-0.40229079866218964,-40.0,336000
210,0.40953365,0.03923196,-37.102516,-37.102516,2110,0.0,0.0,0.0,-0.19236653537529771,-0.25935691925415955,-0.3335054830019983,-40.0,84400,nan,nan,8440,0.0,0.0,0.0,-0.16644579126851408,-0.2558841866219331,-0.36519386914318996,-40.0,337600
211,0.40951076,0.039242823,-37.068455,-37.068455,2120,0.0,0.0,0.0,-0.19297709651596065,-0.2689272601803862,-0.33520114576809584,-40.0,84800,nan,nan,8480,0.0,0.0,0.0,-0.1504257416646288,-0.24326855562326957,-0.35242961481957347,-40.0,339200
212,0.40947628,0.039252546,-37.10164,-37.10164,2130,0.0,0.0,0.0,-0.2030140739169859,-0.28450087656333556,-0.3373141984635979,-40.0,85200,nan,nan,8520,0.0,0.0,0.0,-0.16779334556537276,-0.26647424380210044,-0.3794673800719502,-40.0,340800
213,0.40947768,0.039257634,-37.144886,-37.144886,2140,0.0,0.0,0.0,-0.18222485617157047,-0.2644721251143084,-0.3364157030645102,-40.0,85600,nan,nan,8560,0.0,0.0,0.0,-0.17274403012788303,-0.25359204444909544,-0.36067470400728485,-40.0,342400
214,0.40942442,0.03926063,-37.17369,-37.17369,2150,0.0,0.0,0.0,-0.1585272948256414,-0.25308580345628934,-0.35476823481755115,-40.0,86000,nan,nan,8600,0.0,0.0,0.0,-0.18084075166597252,-0.26845939737509056,-0.37533797389401197,-40.0,344000
215,0.40938663,0.039267413,-37.197716,-37.197716,2160,0.0,0.0,0.0,-0.16757689011372867,-0.25351960320021727,-0.3066027130106681,-40.0,86400,nan,nan,8640,0.0,0.0,0.0,-0.16196686840634567,-0.2546326808506333,-0.36759762953723546,-40.0,345600
216,0.40935883,0.03927957,-37.240826,-37.240826,2170,0.0,0.0,0.0,-0.15969942876501197,-0.24717807854029739,-0.34925337232900344,-40.0,86800,nan,nan,8680,0.0,0.0,0.0,-0.1632818426234297,-0.25984634950120294,-0.36562075571832386,-40.0,347200
217,0.40934512,0.039286654,-37.282677,-37.282677,2180,0.0,0.0,0.0,-0.15699397995992825,-0.2442027411857163,-0.3303889365216727,-40.0,87200,nan,nan,8720,0.0,0.0,0.0,-0.16003505334551787,-0.2510398491306149,-0.36500226169257893,-40.0,348800
218,0.40933284,0.039297685,-37.27487,-37.27487,2190,0.0,0.0,0.0,-0.1786384729558462,-0.2537943520580477,-0.32578874521774176,-40.0,87600,nan,nan,8760,0.0,0.0,0.0,-0.17472108557402327,-0.26617039041064694,-0.3509527340647919,-40.0,350400
219,0.40929243,0.039299536,-37.356213,-37.356213,2200,0.0,0.0,0.0,-0.16213117323256848,-0.23839645411692828,-0.3236516086134433,-40.0,88000,nan,nan,8800,0.0,0.0,0.0,-0.18109396725349772,-0.26001232842458943,-0.35152496081267226,-40.0,352000
220,0.40926978,0.03932113,-37.379704,-37.379704,2210,0.0,0.0,0.0,-0.18047200285659437,-0.2544551998135429,-0.3177126935707394,-40.0,88400,nan,nan,8840,0.0,0.0,0.0,-0.17101121671923444,-0.2697717575564446,-0.3776208636886015,-40.0,353600
221,0.40925404,0.039320916,-37.424435,-37.424435,2220,0.0,0.0,0.0,-0.1842960804149939,-0.2545138653505387,-0.36247174965622164,-40.0,88800,nan,nan,8880,0.0,0.0,0.0,-0.1781067568117077,-0.2629111726981643,-0.36779686407156686,-40.0,355200
222,0.40922984,0.039317083,-37.409252,-37.409252,2230,0.0,0.0,0.0,-0.17406620594201924,-0.25966460130391605,-0.3721396683699364,-40.0,89200,nan,nan,8920,0.0,0.0,0.0,-0.16573906101313185,-0.2571098180538996,-0.35751401353812035,-40.0,356800
223,0.4092115,0.039326183,-37.523075,-37.523075,2240,0.0,0.0,0.0,-0.15455736324490127,-0.2318388196423911,-0.32512517684163217,-40.0,89600,nan,nan,8960,0.0,0.0,0.0,-0.18311036625030822,-0.2674435934184034,-0.38020218105565706,-40.0,358400
224,0.4091942,0.0393313,-37.533653,-37.533653,2250,0.0,0.0,0.0,-0.1660140947483573,-0.27402554254252415,-0.3587286256067926,-40.0,90000,nan,nan,9000,0.0,0.0,0.0,-0.1609401220551003,-0.254080572721846,-0.3652252367590796,-40.0,360000
225,0.40920427,0.039334398,-37.54852,-37.54852,2260,0.0,0.0,0.0,-0.15984110451370048,-0.24080848173751015,-0.3220448528759885,-40.0,90400,nan,nan,9040,0.0,0.0,0.0,-0.15655533811332478,-0.2478973206923598,-0.3358539230211758,-40.0,361600
226,0.40919116,0.039342757,-37.58368,-37.58368,2270,0.0,0.0,0.0,-0.20665093283765076,-0.2896294238089248,-0.3620666505112939,-40.0,90800,nan,nan,9080,0.0,0.0,0.0,-0.1600692992226706,-0.25958731409191954,-0.3500084202946219,-40.0,363200
227,0.40917215,0.03936019,-37.59021,-37.59021,2280,0.0,0.0,0.0,-0.1693213518609553,-0.2707315288528914,-0.3638541175582926,-40.0,91200,nan,nan,9120,0.0,0.0,0.0,-0.1797878016016068,-0.269172874005137,-0.3676688086280892,-40.0,364800
228,0.40913585,0.039382707,-37.6435,-37.6435,2290,0.0,0.0,0.0,-0.16369769219225644,-0.26084492425515987,-0.3702836168244021,-40.0,91600,nan,nan,9160,0.0,0.0,0.0,-0.1939765227175409,-0.27640278700588394,-0.36583176786739413,-40.0,366400
229,0.409104,0.0393803,-37.647194,-37.647194,2300,0.0,0.0,0.0,-0.17282509949593383,-0.2713006773475733,-0.35398396968225,-40.0,92000,nan,nan,9200,0.0,0.0,0.0,-0.16182062323900948,-0.2513956512131983,-0.3519925236702353,-40.0,368000
230,0.40905726,0.03939294,-37.748955,-37.748955,2310,0.0,0.0,0.0,-0.16125690603301288,-0.23086961436907646,-0.3032164292228874,-40.0,92400,nan,nan,9240,0.0,0.0,0.0,-0.17918324254725282,-0.26113527816821813,-0.3688308853044912,-40.0,369600
231,0.40902507,0.039392922,-37.7312,-37.7312,2320,0.0,0.0,0.0,-0.17680953920847026,-0.24470580571602682,-0.3048793224526092,-40.0,92800,nan,nan,9280,0.0,0.0,0.0,-0.1620656283566991,-0.2491362329219414,-0.35239417977512344,-40.0,371200
232,0.4089769,0.039397504,-37.7631,-37.7631,2330,0.0,0.0,0.0,-0.18568188771573138,-0.26848989280234525,-0.3174364291196512,-40.0,93200,nan,nan,9320,0.0,0.0,0.0,-0.16513366412120678,-0.25852144097589835,-0.3728024417978383,-40.0,372800
233,0.4089475,0.039400145,-37.839115,-37.839115,2340,0.0,0.0,0.0,-0.22109429471373224,-0.28390640368290687,-0.3672250912084811,-40.0,93600,nan,nan,9360,0.0,0.0,0.0,-0.15499873491108276,-0.2523147106819818,-0.3620302571244046,-40.0,374400
234,0.40892336,0.03940272,-37.866505,-37.866505,2350,0.0,0.0,0.0,-0.17485306541276333,-0.2524914551061474,-0.3272862392213287,-40.0,94000,nan,nan,9400,0.0,0.0,0.0,-0.15408011135734861,-0.24501187001690478,-0.33661216978279956,-40.0,376000
235,0.40890515,0.039399695,-37.84635,-37.84635,2360,0.0,0.0,0.0,-0.16939888390080787,-0.27173348160724453,-0.34349246754624874,-40.0,94400,nan,nan,9440,0.0,0.0,0.0,-0.16498311927648857,-0.2539493966590287,-0.3551438101456644,-40.0,377600
236,0.40890715,0.039406355,-37.912674,-37.912674,2370,0.0,0.0,0.0,-0.17826287433282045,-0.24586868081906954,-0.3467305779669116,-40.0,94800,nan,nan,9480,0.0,0.0,0.0,-0.16285009385851884,-0.25766773170453616,-0.35469188116506617,-40.0,379200
237,0.40889156,0.03941602,-37.816578,-37.816578,2380,0.0,0.0,0.0,-0.19938111072808287,-0.2680959456897135,-0.3554255464468621,-40.0,95200,nan,nan,9520,0.0,0.0,0.0,-0.15779714357595903,-0.25486986603889994,-0.3575915967576974,-40.0,380800
238,0.40884933,0.039426208,-38.031094,-38.031094,2390,0.0,0.0,0.0,-0.1845190740105065,-0.2491033601300775,-0.35977824883429743,-40.0,95600,nan,nan,9560,0.0,0.0,0.0,-0.18163967009524404,-0.271038406917521,-0.3766451793317269,-40.0,382400
239,0.4088243,0.039432,-37.904205,-37.904205,2400,0.0,0.0,0.0,-0.15901510185371923,-0.29207318176791675,-0.40770586243113305,-40.0,96000,nan,nan,9600,0.0,0.0,0.0,-0.1671945000892275,-0.26204307270960264,-0.3779352241306172,-40.0,384000
240,0.4087747,0.03944423,-37.992455,-37.992455,2410,0.0,0.0,0.0,-0.18290595297917894,-0.2598915058211582,-0.36050299832497434,-40.0,96400,nan,nan,9640,0.0,0.0,0.0,-0.16631132060830842,-0.2678908098160516,-0.3740804536637786,-40.0,385600
241,0.408744,0.039443128,-37.94507,-37.94507,2420,0.0,0.0,0.0,-0.15900010726256597,-0.25976506069478034,-0.34400984150708824,-40.0,96800,nan,nan,9680,0.0,0.0,0.0,-0.17228751808016468,-0.26163100060902517,-0.3678391154188972,-40.0,387200
242,0.40872768,0.039449863,-38.036366,-38.036366,2430,0.0,0.0,0.0,-0.17329403702438756,-0.25209730856655194,-0.39041687625157884,-40.0,97200,nan,nan,9720,0.0,0.0,0.0,-0.15802965108816164,-0.2572856701611266,-0.36722738632953433,-40.0,388800
243,0.4086831,0.0394415,-38.067005,-38.067005,2440,0.0,0.0,0.0,-0.16604518293958564,-0.26001605619896856,-0.32978109405398703,-40.0,97600,nan,nan,9760,0.0,0.0,0.0,-0.1592680945623351,-0.24544063506713445,-0.34686541989963926,-40.0,390400
244,0.4086804,0.03944185,-38.079544,-38.079544,2450,0.0,0.0,0.0,-0.17327640983974513,-0.2601342883399078,-0.32448591445163844,-40.0,98000,nan,nan,9800,0.0,0.0,0.0,-0.1597149141361662,-0.2441298603100832,-0.34189650720089726,-40.0,392000
245,0.40865967,0.039459508,-38.114357,-38.114357,2460,0.0,0.0,0.0,-0.18157846070637992,-0.27132254025111285,-0.3482669103916089,-40.0,98400,nan,nan,9840,0.0,0.0,0.0,-0.18896203268907882,-0.2737235782894775,-0.3901786803499036,-40.0,393600
246,0.4086393,0.039454516,-38.17665,-38.17665,2470,0.0,0.0,0.0,-0.18680983004487137,-0.24944942274617013,-0.3351494359378163,-40.0,98800,nan,nan,9880,0.0,0.0,0.0,-0.15982174047285067,-0.24806816300277407,-0.33171829923923146,-40.0,395200
247,0.40860403,0.03946813,-38.136295,-38.136295,2480,0.0,0.0,0.0,-0.17320769296587538,-0.2405218444276334,-0.3033729190317311,-40.0,99200,nan,nan,9920,0.0,0.0,0.0,-0.155016766027052,-0.25783442229362796,-0.3625833954382053,-40.0,396800
248,0.40857944,0.03946858,-38.22239,-38.22239,2490,0.0,0.0,0.0,-0.1691605673112687,-0.23592639143515323,-0.30187118809351315,-40.0,99600,nan,nan,9960,0.0,0.0,0.0,-0.13746820993772738,-0.24446032372335308,-0.35923504885261637,-40.0,398400
249,0.4085492,0.03947813,-38.21622,-38.21622,2500,0.0,0.0,0.0,-0.16731429547859714,-0.22531944991291727,-0.2723425572462318,-40.0,100000,nan,nan,10000,0.0,0.0,0.0,-0.16373896121859594,-0.25121437057791624,-0.3502287211258265,-40.0,400000
250,0.40852356,0.039480533,-38.210033,-38.210033,2510,0.0,0.0,0.0,-0.17341330896818682,-0.22591002995122145,-0.2714489649637874,-40.0,100400,nan,nan,10040,0.0,0.0,0.0,-0.1606425557572905,-0.25577299366692474,-0.3757316980995109,-40.0,401600
251,0.40849182,0.039487988,-38.26985,-38.26985,2520,0.0,0.0,0.0,-0.17942483701909245,-0.23712840195853288,-0.3217040718905755,-40.0,100800,nan,nan,10080,0.0,0.0,0.0,-0.15905341257569264,-0.25818919264959705,-0.35708538872677537,-40.0,403200
252,0.40849328,0.03950088,-38.31955,-38.31955,2530,0.0,0.0,0.0,-0.19531303567158875,-0.2483164258327565,-0.31753644606020126,-40.0,101200,nan,nan,10120,0.0,0.0,0.0,-0.16880861935950917,-0.26032795534896647,-0.3497716455632548,-40.0,404800
253,0.40846443,0.039503064,-38.28721,-38.28721,2540,0.0,0.0,0.0,-0.19855635023469648,-0.2974050088369762,-0.37490407282119864,-40.0,101600,nan,nan,10160,0.0,0.0,0.0,-0.15655589184670302,-0.25027979569645253,-0.36668621812777674,-40.0,406400
254,0.40840268,0.039503086,-38.342403,-38.342403,2550,0.0,0.0,0.0,-0.1879808029750546,-0.26421539937597005,-0.3593835169838806,-40.0,102000,nan,nan,10200,0.0,0.0,0.0,-0.15938522316870846,-0.2604494199989121,-0.3680483482464329,-40.0,408000
255,0.4083718,0.03952647,-38.306488,-38.306488,2560,0.0,0.0,0.0,-0.17102612223266012,-0.2596915273791126,-0.3325901119437984,-40.0,102400,nan,nan,10240,0.0,0.0,0.0,-0.18168998358075134,-0.27389469857732485,-0.381942660488434,-40.0,409600
256,0.40833429,0.03952637,-38.378258,-38.378258,2570,0.0,0.0,0.0,-0.17901329542060876,-0.24032644208913048,-0.28571651867807507,-40.0,102800,nan,nan,10280,0.0,0.0,0.0,-0.16179026672882163,-0.25079412808019563,-0.3507477183031146,-40.0,411200
257,0.40833172,0.03952096,-38.339333,-38.339333,2580,0.0,0.0,0.0,-0.17409391275432198,-0.2571920241362862,-0.3744177674781731,-40.0,103200,nan,nan,10320,0.0,0.0,0.0,-0.16481433553351277,-0.24552284609340877,-0.33504949413302965,-40.0,412800
258,0.40831637,0.039526723,-38.402206,-38.402206,2590,0.0,0.0,0.0,-0.16449918580045741,-0.25184775149008437,-0.3262977320770538,-40.0,103600,nan,nan,10360,0.0,0.0,0.0,-0.17125447926514084,-0.2561729204979323,-0.3520808920190632,-40.0,414400
259,0.408298,0.03953646,-38.308548,-38.308548,2600,0.0,0.0,0.0,-0.18315684256822368,-0.26441520159202303,-0.3739296719360624,-40.0,104000,nan,nan,10400,0.0,0.0,0.0,-0.1634540661717776,-0.25586801396061426,-0.3792072904905177,-40.0,416000
260,0.4082757,0.039532077,-38.428776,-38.428776,2610,0.0,0.0,0.0,-0.1891185318817942,-0.24954858609892297,-0.2958975448342044,-40.0,104400,nan,nan,10440,0.0,0.0,0.0,-0.15941451264988818,-0.2451193019787723,-0.35960531112650884,-40.0,417600
261,0.4082571,0.039536025,-38.489532,-38.489532,2620,0.0,0.0,0.0,-0.15074137930293907,-0.2254327405815365,-0.3423840449410601,-40.0,104800,nan,nan,10480,0.0,0.0,0.0,-0.12776159553858546,-0.239717099568788,-0.35686889876709554,-40.0,419200
262,0.40824267,0.039545834,-38.44388,-38.44388,2630,0.0,0.0,0.0,-0.18086172849893353,-0.25117985719791913,-0.3419931970719916,-40.0,105200,nan,nan,10520,0.0,0.0,0.0,-0.16861686713703247,-0.2539247046124036,-0.37598759680079813,-40.0,420800
263,0.40823445,0.039541103,-38.497036,-38.497036,2640,0.0,0.0,0.0,-0.19966672910076705,-0.2598196898549559,-0.31028518626547563,-40.0,105600,nan,nan,10560,0.0,0.0,0.0,-0.16398210325903156,-0.24620202926705553,-0.3396921429026295,-40.0,422400
264,0.40820143,0.03954586,-38.524456,-38.524456,2650,0.0,0.0,0.0,-0.16323706581836855,-0.24043657570361154,-0.32553870246659944,-40.0,106000,nan,nan,10600,0.0,0.0,0.0,-0.16299954940712616,-0.2444358397628509,-0.34447331786458857,-40.0,424000
265,0.40817288,0.03955833,-38.54373,-38.54373,2660,0.0,0.0,0.0,-0.16152444268461233,-0.24372938595810228,-0.3216030671993517,-40.0,106400,nan,nan,10640,0.0,0.0,0.0,-0.16678865687468303,-0.25874681430744273,-0.36303539357592984,-40.0,425600
266,0.40814137,0.039567687,-38.61226,-38.61226,2670,0.0,0.0,0.0,-0.16350834086698743,-0.24232622324318334,-0.29745577079748403,-40.0,106800,nan,nan,10680,0.0,0.0,0.0,-0.1692568469117478,-0.2555571030875388,-0.36343199129440007,-40.0,427200
267,0.40812734,0.03956608,-38.61612,-38.61612,2680,0.0,0.0,0.0,-0.1845376420440014,-0.25171222006884597,-0.31517076452607173,-40.0,107200,nan,nan,10720,0.0,0.0,0.0,-0.1453194087904119,-0.2460673630648531,-0.34709951992723803,-40.0,428800
268,0.40809044,0.039577324,-38.592064,-38.592064,2690,0.0,0.0,0.0,-0.1766767236675573,-0.23898736520222716,-0.3348913896046521,-40.0,107600,nan,nan,10760,0.0,0.0,0.0,-0.18374945203711157,-0.2755897681206286,-0.39113702777716275,-40.0,430400
269,0.40806356,0.03958808,-38.61741,-38.61741,2700,0.0,0.0,0.0,-0.1556699435925864,-0.24696361873904343,-0.31956871149529786,-40.0,108000,nan,nan,10800,0.0,0.0,0.0,-0.17810342044249441,-0.2648640282378424,-0.3861433465983883,-40.0,432000
270,0.40803483,0.039598532,-38.6324,-38.6324,2710,0.0,0.0,0.0,-0.1659661826357193,-0.23539973900103425,-0.29921794035554844,-40.0,108400,nan,nan,10840,0.0,0.0,0.0,-0.16662531472864858,-0.2602531214190045,-0.3704545026737881,-40.0,433600
271,0.40801182,0.039607372,-38.637447,-38.637447,2720,0.0,0.0,0.0,-0.15872693375470273,-0.2287934438433976,-0.29479155242795224,-40.0,108800,nan,nan,10880,0.0,0.0,0.0,-0.16155183536995538,-0.2576267337979802,-0.3768500352211536,-40.0,435200
272,0.4080286,0.039611943,-38.665226,-38.665226,2730,0.0,0.0,0.0,-0.15473462866990012,-0.24736721233607675,-0.32030909555920306,-40.0,109200,nan,nan,10920,0.0,0.0,0.0,-0.15767348056137942,-0.24883552362740677,-0.34625494157493447,-40.0,436800
273,0.40799165,0.03961851,-38.723812,-38.723812,2740,0.0,0.0,0.0,-0.22633695386656616,-0.2819438279289285,-0.32791903755052654,-40.0,109600,nan,nan,10960,0.0,0.0,0.0,-0.15473585196361478,-0.249247355046202,-0.33895308777627453,-40.0,438400
274,0.40799606,0.03962702,-38.684444,-38.684444,2750,0.0,0.0,0.0,-0.2079007967971889,-0.2553439867397653,-0.3304070819829499,-40.0,110000,nan,nan,11000,0.0,0.0,0.0,-0.16595835417453592,-0.251079168241139,-0.3514894265765885,-40.0,440000
275,0.40798047,0.039636314,-38.7082,-38.7082,2760,0.0,0.0,0.0,-0.18426963607569471,-0.26108509988500656,-0.3572642411928909,-40.0,110400,nan,nan,11040,0.0,0.0,0.0,-0.15604778147664605,-0.2594768238439259,-0.3810131325310918,-40.0,441600
276,0.4079654,0.03963825,-38.73409,-38.73409,2770,0.0,0.0,0.0,-0.20651908151415968,-0.287587370141163,-0.3641746225214921,-40.0,110800,nan,nan,11080,0.0,0.0,0.0,-0.16968787263838025,-0.26229014110519044,-0.3662469196147927,-40.0,443200
277,0.40794337,0.03964249,-38.75248,-38.75248,2780,0.0,0.0,0.0,-0.17883519570085782,-0.25276017572455334,-0.3562967189282192,-40.0,111200,nan,nan,11120,0.0,0.0,0.0,-0.1749778479260583,-0.2635330182662142,-0.3530699306705049,-40.0,444800
278,0.40792787,0.03965956,-38.773026,-38.773026,2790,0.0,0.0,0.0,-0.19371999505436555,-0.24914583708965693,-0.3122343080019731,-40.0,111600,nan,nan,11160,0.0,0.0,0.0,-0.16516933623027225,-0.27013436138640834,-0.39812502306156666,-40.0,446400
279,0.40789855,0.039658155,-38.779163,-38.779163,2800,0.0,0.0,0.0,-0.16910483988205077,-0.24031430742844662,-0.3525908254246902,-40.0,112000,nan,nan,11200,0.0,0.0,0.0,-0.1697295414415492,-0.25578937028192716,-0.35848135116356195,-40.0,448000
280,0.40786517,0.03968058,-38.819008,-38.819008,2810,0.0,0.0,0.0,-0.17215831762155992,-0.24925621859081226,-0.324248934820003,-40.0,112400,nan,nan,11240,0.0,0.0,0.0,-0.1825855767976085,-0.26897726365408237,-0.36668578281380254,-40.0,449600
281,0.40784958,0.03968338,-38.794155,-38.794155,2820,0.0,0.0,0.0,-0.20362163495407123,-0.27333174163249074,-0.3357983852348281,-40.0,112800,nan,nan,11280,0.0,0.0,0.0,-0.18322151161552463,-0.26547238889154945,-0.3524537688797853,-40.0,451200
282,0.4078593,0.03968812,-38.854828,-38.854828,2830,0.0,0.0,0.0,-0.18004270264469657,-0.26607385750618734,-0.34345947736536075,-40.0,113200,nan,nan,11320,0.0,0.0,0.0,-0.1445406161173875,-0.23283348845073748,-0.3183486242161403,-40.0,452800
283,0.40785697,0.03968663,-38.823116,-38.823116,2840,0.0,0.0,0.0,-0.15336173131918457,-0.2437343693992099,-0.31067345332005375,-40.0,113600,nan,nan,11360,0.0,0.0,0.0,-0.15129982842477202,-0.23998862689812692,-0.3379386532379455,-40.0,454400
284,0.4078499,0.03968491,-38.869724,-38.869724,2850,0.0,0.0,0.0,-0.16384314509330855,-0.2563133670959076,-0.3358523076153467,-40.0,114000,nan,nan,11400,0.0,0.0,0.0,-0.14367411377492822,-0.23351462459884234,-0.32836610649109027,-40.0,456000
285,0.40784916,0.039681133,-38.86721,-38.86721,2860,0.0,0.0,0.0,-0.1543073305664315,-0.20732509304128682,-0.2558332392041729,-40.0,114400,nan,nan,11440,0.0,0.0,0.0,-0.1496410014802031,-0.24592293902893667,-0.3474510608533673,-40.0,457600
286,0.40786052,0.03967888,-38.931217,-38.931217,2870,0.0,0.0,0.0,-0.1748736736138403,-0.2178609149945923,-0.2753552314145212,-40.0,114800,nan,nan,11480,0.0,0.0,0.0,-0.13875103775868672,-0.23471175131176927,-0.33481276229253654,-40.0,459200
287,0.4078499,0.03967512,-38.89874,-38.89874,2880,0.0,0.0,0.0,-0.16300988029444832,-0.21664925014166875,-0.3055560107710748,-40.0,115200,nan,nan,11520,0.0,0.0,0.0,-0.15088372073218498,-0.23904840013275397,-0.3409738535562903,-40.0,460800
288,0.4078598,0.039682236,-38.862747,-38.862747,2890,0.0,0.0,0.0,-0.1707198603486356,-0.2349452701066886,-0.30731169018510945,-40.0,115600,nan,nan,11560,0.0,0.0,0.0,-0.1360851101372113,-0.2333215536876553,-0.31997234737721125,-40.0,462400
289,0.40786543,0.039682794,-38.906296,-38.906296,2900,0.0,0.0,0.0,-0.1868986684662585,-0.2628805073319757,-0.34834379539826277,-40.0,116000,nan,nan,11600,0.0,0.0,0.0,-0.15402118996072228,-0.24556193328204148,-0.33391153619085084,-40.0,464000
290,0.40786052,0.03969301,-38.944405,-38.944405,2910,0.0,0.0,0.0,-0.1713074848643241,-0.2592506613815399,-0.34377548015120135,-40.0,116400,nan,nan,11640,0.0,0.0,0.0,-0.15948644712050708,-0.26086901773688276,-0.36557227909491674,-40.0,465600
291,0.40785637,0.039694883,-38.972874,-38.972874,2920,0.0,0.0,0.0,-0.1780870107175589,-0.24696195289884101,-0.32491744803180456,-40.0,116800,nan,nan,11680,0.0,0.0,0.0,-0.16501177684276555,-0.255965148788394,-0.36713927436911314,-40.0,467200
292,0.4078374,0.039692286,-38.93269,-38.93269,2930,0.0,0.0,0.0,-0.19715515268269787,-0.260471461218093,-0.336131557863868,-40.0,117200,nan,nan,11720,0.0,0.0,0.0,-0.15979404328006477,-0.2535889617134755,-0.36213964116496145,-40.0,468800
293,0.40785646,0.039702833,-38.97996,-38.97996,2940,0.0,0.0,0.0,-0.1685713934420694,-0.22747168482569421,-0.29448011107147837,-40.0,117600,nan,nan,11760,0.0,0.0,0.0,-0.1590709916446694,-0.2423061371270673,-0.34146604348083265,-40.0,470400
294,0.40785122,0.03971406,-39.08974,-39.08974,2950,0.0,0.0,0.0,-0.16172803260681473,-0.23601591452266796,-0.3006620230388067,-40.0,118000,nan,nan,11800,0.0,0.0,0.0,-0.18297934312653227,-0.257483036601298,-0.35593168748813764,-40.0,472000
295,0.4078144,0.039720338,-39.01266,-39.01266,2960,0.0,0.0,0.0,-0.180678334110358,-0.22706473140917993,-0.2952625551166105,-40.0,118400,nan,nan,11840,0.0,0.0,0.0,-0.1616306022203942,-0.25132340084889104,-0.36868792405416445,-40.0,473600
296,0.40781906,0.039718248,-38.92577,-38.92577,2970,0.0,0.0,0.0,-0.13583179892582478,-0.2159954035480075,-0.2805204442107987,-40.0,118800,nan,nan,11880,0.0,0.0,0.0,-0.147527121807223,-0.24101792991477905,-0.3265775126329558,-40.0,475200
297,0.407814,0.0397233,-39.019337,-39.019337,2980,0.0,0.0,0.0,-0.15225143695706042,-0.21685214267819317,-0.2858195578251906,-40.0,119200,nan,nan,11920,0.0,0.0,0.0,-0.1667880248822851,-0.254578730625978,-0.3596803315454522,-40.0,476800
298,0.40780023,0.039725836,-39.022434,-39.022434,2990,0.0,0.0,0.0,-0.18345285401117523,-0.2403033018252531,-0.29088801943601744,-40.0,119600,nan,nan,11960,0.0,0.0,0.0,-0.1635877432015026,-0.2488879363425454,-0.3310684527576766,-40.0,478400
299,0.40780112,0.039727394,-39.042557,-39.042557,3000,0.0,0.0,0.0,-0.16422667961313486,-0.23821988060344665,-0.28702283359351805,-40.0,120000,nan,nan,12000,0.0,0.0,0.0,-0.14860685767641418,-0.24052310301422067,-0.3430997554042336,-40.0,480000
300,0.40780762,0.039738413,-39.04808,-39.04808,3010,0.0,0.0,0.0,-0.1631866685046511,-0.24068285294071073,-0.3615732321269675,-40.0,120400,nan,nan,12040,0.0,0.0,0.0,-0.16778369654181513,-0.26315226115448154,-0.38283155144542363,-40.0,481600
301,0.4078121,0.03974385,-39.07402,-39.07402,3020,0.0,0.0,0.0,-0.17655202649283316,-0.27133746737372105,-0.3368219146087857,-40.0,120800,nan,nan,12080,0.0,0.0,0.0,-0.139900950813863,-0.23671901623419506,-0.3431808143767189,-40.0,483200
302,0.40781465,0.039744385,-39.08068,-39.08068,3030,0.0,0.0,0.0,-0.18211233479228486,-0.2390351838462994,-0.3122868849892112,-40.0,121200,nan,nan,12120,0.0,0.0,0.0,-0.15419896379472903,-0.2452101742234424,-0.33633068509003883,-40.0,484800
303,0.4078114,0.03973851,-39.036434,-39.036434,3040,0.0,0.0,0.0,-0.16130670446654155,-0.21567220589079958,-0.2736404427621505,-40.0,121600,nan,nan,12160,0.0,0.0,0.0,-0.15804406589066097,-0.24743143658252126,-0.35284574245916,-40.0,486400
304,0.4078108,0.03973751,-39.100597,-39.100597,3050,0.0,0.0,0.0,-0.16328588822955867,-0.25795997157753237,-0.3532250549071385,-40.0,122000,nan,nan,12200,0.0,0.0,0.0,-0.1628972899367124,-0.2549673986383002,-0.35360966360570106,-40.0,488000
305,0.4078174,0.039738405,-39.105244,-39.105244,3060,0.0,0.0,0.0,-0.1801652451738138,-0.24330029404171064,-0.3342024026888093,-40.0,122400,nan,nan,12240,0.0,0.0,0.0,-0.16494592422690704,-0.25438005689670534,-0.3509931969142067,-40.0,489600
306,0.40782347,0.039745104,-39.04023,-39.04023,3070,0.0,0.0,0.0,-0.18099794182653065,-0.23322512654923983,-0.3031283564620867,-40.0,122800,nan,nan,12280,0.0,0.0,0.0,-0.1412729146437688,-0.24360365002052395,-0.3601481271670015,-40.0,491200
307,0.40781832,0.03973921,-39.31099,-39.31099,3080,0.0,0.0,0.0,-0.171709470887327,-0.24220243708389666,-0.3033569572087206,-40.0,123200,nan,nan,12320,0.0,0.0,0.0,-0.1529075796903857,-0.23854694780744357,-0.3372461874235474,-40.0,492800
308,0.40781426,0.039734248,-39.12509,-39.12509,3090,0.0,0.0,0.0,-0.16924028479412,-0.23502821805815796,-0.3024300930751209,-40.0,123600,nan,nan,12360,0.0,0.0,0.0,-0.16308860369613679,-0.23978470294887838,-0.3389984088193218,-40.0,494400
309,0.40782365,0.039726183,-39.192738,-39.192738,3100,0.0,0.0,0.0,-0.15708809234486834,-0.22549190821106616,-0.304726899925325,-40.0,124000,nan,nan,12400,0.0,0.0,0.0,-0.1360207308899179,-0.2343855043694532,-0.3266982082208449,-40.0,496000
310,0.40782118,0.039727245,-39.224228,-39.224228,3110,0.0,0.0,0.0,-0.16837534815662203,-0.22252387586609199,-0.27174478585973894,-40.0,124400,nan,nan,12440,0.0,0.0,0.0,-0.14644624503495524,-0.23135481051607423,-0.32707677328337986,-40.0,497600
311,0.4078044,0.039737158,-39.193813,-39.193813,3120,0.0,0.0,0.0,-0.1686701951658045,-0.24923010774447596,-0.33612508770295874,-40.0,124800,nan,nan,12480,0.0,0.0,0.0,-0.16095222237402743,-0.25682357154746044,-0.36956642389892647,-40.0,499200
312,0.40783504,0.03974723,-39.208878,-39.208878,3130,0.0,0.0,0.0,-0.16661778374896208,-0.23514135783696216,-0.3175505698457802,-40.0,125200,nan,nan,12520,0.0,0.0,0.0,-0.15106526055378539,-0.2458243059109991,-0.32959949406343725,-40.0,500800
313,0.407856,0.03974887,-39.194786,-39.194786,3140,0.0,0.0,0.0,-0.1492973355094698,-0.2223409573364416,-0.30552521740872357,-40.0,125600,nan,nan,12560,0.0,0.0,0.0,-0.13488808397927726,-0.23616068192004738,-0.3230720266376702,-40.0,502400
314,0.40787074,0.039760392,-39.25522,-39.25522,3150,0.0,0.0,0.0,-0.171024011073788,-0.24733783208101187,-0.33542734712738215,-40.0,126000,nan,nan,12600,0.0,0.0,0.0,-0.1498025865501756,-0.2565951966213378,-0.37645303581107276,-40.0,504000
315,0.40787628,0.039758645,-39.21391,-39.21391,3160,0.0,0.0,0.0,-0.1505499680671782,-0.23428076140462062,-0.33569841162771247,-40.0,126400,nan,nan,12640,0.0,0.0,0.0,-0.1630292004601675,-0.2568104968106903,-0.363152778451889,-40.0,505600
316,0.4078908,0.039758142,-39.34359,-39.34359,3170,0.0,0.0,0.0,-0.15508299223429053,-0.23218011920596082,-0.3161462138184347,-40.0,126800,nan,nan,12680,0.0,0.0,0.0,-0.1615095741840144,-0.2505615995788154,-0.35238762555834613,-40.0,507200
317,0.4078882,0.039759804,-39.211945,-39.211945,3180,0.0,0.0,0.0,-0.17096771107127423,-0.24837348539251863,-0.34780087049072206,-40.0,127200,nan,nan,12720,0.0,0.0,0.0,-0.15430800142046697,-0.2447711389932025,-0.34002983744581194,-40.0,508800
318,0.4078991,0.03976312,-39.15721,-39.15721,3190,0.0,0.0,0.0,-0.19186122881778536,-0.2737781039567427,-0.3382783725524626,-40.0,127600,nan,nan,12760,0.0,0.0,0.0,-0.1587156331913456,-0.24729761082746693,-0.3521074629400429,-40.0,510400
319,0.4078815,0.039758045,-39.253677,-39.253677,3200,0.0,0.0,0.0,-0.19195800691177373,-0.2655003787915597,-0.3666273124450972,-40.0,128000,nan,nan,12800,0.0,0.0,0.0,-0.16468305536281216,-0.25666915012388186,-0.34928717268116005,-40.0,512000
320,0.40786958,0.039751682,-39.272186,-39.272186,3210,0.0,0.0,0.0,-0.18337039309253586,-0.2533016587118471,-0.31102651356194166,-40.0,128400,nan,nan,12840,0.0,0.0,0.0,-0.1552400107030119,-0.24223346444118432,-0.3360736422305334,-40.0,513600
321,0.4078766,0.039754227,-39.270947,-39.270947,3220,0.0,0.0,0.0,-0.1832595810172039,-0.26666312089702765,-0.37030235404585615,-40.0,128800,nan,nan,12880,0.0,0.0,0.0,-0.1671607370976158,-0.25416957182297606,-0.364486974548331,-40.0,515200
322,0.40787902,0.039750364,-39.26918,-39.26918,3230,0.0,0.0,0.0,-0.18954209679581444,-0.27120639214834663,-0.33285251867110266,-40.0,129200,nan,nan,12920,0.0,0.0,0.0,-0.16998474446131825,-0.25793307207964883,-0.35349759229346267,-40.0,516800
323,0.40786502,0.039747242,-39.222652,-39.222652,3240,0.0,0.0,0.0,-0.17310449593426144,-0.2667174455310944,-0.3539363368242209,-40.0,129600,nan,nan,12960,0.0,0.0,0.0,-0.16759057952122142,-0.25672322898135247,-0.3456112052301469,-40.0,518400
324,0.40786085,0.039753377,-39.267532,-39.267532,3250,0.0,0.0,0.0,-0.1730000870152798,-0.26535057205668017,-0.33061022975578963,-40.0,130000,nan,nan,13000,0.0,0.0,0.0,-0.16432416377173917,-0.26324036996723443,-0.3773112676872579,-40.0,520000
325,0.4078507,0.039759442,-39.31784,-39.31784,3260,0.0,0.0,0.0,-0.1597269337231103,-0.23121447796146427,-0.31485553214581763,-40.0,130400,nan,nan,13040,0.0,0.0,0.0,-0.1644587299852267,-0.2655922571383469,-0.3728676628237378,-40.0,521600
326,0.40784204,0.039760817,-39.26032,-39.26032,3270,0.0,0.0,0.0,-0.18193534202338713,-0.24610902932039486,-0.29980573805295413,-40.0,130800,nan,nan,13080,0.0,0.0,0.0,-0.1523995583167898,-0.2500129796423383,-0.3652130629810614,-40.0,523200
327,0.4078412,0.039765287,-39.262375,-39.262375,3280,0.0,0.0,0.0,-0.17615606152383378,-0.2273837787088356,-0.30197114224534005,-40.0,131200,nan,nan,13120,0.0,0.0,0.0,-0.15109683229277854,-0.24920411529768133,-0.3574796234969696,-40.0,524800
328,0.4078624,0.039773505,-39.31205,-39.31205,3290,0.0,0.0,0.0,-0.19546143123912685,-0.24506126896446967,-0.3201146477262495,-40.0,131600,nan,nan,13160,0.0,0.0,0.0,-0.16177656734539003,-0.25596027486816053,-0.3591060396053912,-40.0,526400
329,0.40784624,0.039779466,-39.347256,-39.347256,3300,0.0,0.0,0.0,-0.1797819076777301,-0.2338102390862597,-0.3035335796273996,-40.0,132000,nan,nan,13200,0.0,0.0,0.0,-0.16430847401147428,-0.24983774662359215,-0.3594607951995769,-40.0,528000
330,0.40783978,0.039787818,-39.346325,-39.346325,3310,0.0,0.0,0.0,-0.1738451670563493,-0.2424001662818376,-0.3154870347609631,-40.0,132400,nan,nan,13240,0.0,0.0,0.0,-0.16117255500982558,-0.2569169868877364,-0.35410079172226216,-40.0,529600
331,0.40785596,0.03979532,-39.344296,-39.344296,3320,0.0,0.0,0.0,-0.1713728223544327,-0.2504350746423765,-0.29566313299161934,-40.0,132800,nan,nan,13280,0.0,0.0,0.0,-0.1477288702207777,-0.24559828617764304,-0.3468212075780818,-40.0,531200
332,0.40786457,0.03978583,-39.357086,-39.357086,3330,0.0,0.0,0.0,-0.15644707187002427,-0.23938690818265665,-0.319106005929928,-40.0,133200,nan,nan,13320,0.0,0.0,0.0,-0.15106727708164797,-0.2402906513017371,-0.3173004538073595,-40.0,532800
333,0.40785047,0.03979761,-39.343964,-39.343964,3340,0.0,0.0,0.0,-0.16454149810791188,-0.24829525642861988,-0.33180160293572697,-40.0,133600,nan,nan,13360,0.0,0.0,0.0,-0.17604833319241342,-0.2694866923261143,-0.39931409045381777,-40.0,534400
334,0.40782514,0.03981734,-39.356632,-39.356632,3350,0.0,0.0,0.0,-0.16985037434377032,-0.2529078099870269,-0.35479803905872115,-40.0,134000,nan,nan,13400,0.0,0.0,0.0,-0.20201825236376175,-0.28646497442271956,-0.39099556952950654,-40.0,536000
335,0.4078152,0.039812602,-39.36005,-39.36005,3360,0.0,0.0,0.0,-0.16101896786048253,-0.23452249563344424,-0.28730790539831835,-40.0,134400,nan,nan,13440,0.0,0.0,0.0,-0.1667347832414313,-0.2521279302880536,-0.3462400630925234,-40.0,537600
336,0.4078084,0.039811205,-39.39669,-39.39669,3370,0.0,0.0,0.0,-0.17714880156673832,-0.2384301936923254,-0.30766162928974455,-40.0,134800,nan,nan,13480,0.0,0.0,0.0,-0.16132441070948858,-0.2565697936881036,-0.35560539592731344,-40.0,539200
337,0.40778217,0.039813545,-39.37929,-39.37929,3380,0.0,0.0,0.0,-0.17801427892133226,-0.2710732527917585,-0.3491918032163764,-40.0,135200,nan,nan,13520,0.0,0.0,0.0,-0.1780400484318441,-0.26346302424229234,-0.3711900856921321,-40.0,540800
338,0.40779993,0.039818157,-39.412514,-39.412514,3390,0.0,0.0,0.0,-0.18733592181430408,-0.25981867802696096,-0.33188230022692045,-40.0,135600,nan,nan,13560,0.0,0.0,0.0,-0.17099127314063284,-0.245785766147677,-0.33516223289386365,-40.0,542400
339,0.40778264,0.039829325,-39.401318,-39.401318,3400,0.0,0.0,0.0,-0.1748276858045528,-0.24686200645747802,-0.2922989266538698,-40.0,136000,nan,nan,13600,0.0,0.0,0.0,-0.13865277934794695,-0.25149661849149785,-0.3765849777009995,-40.0,544000
340,0.40777096,0.03982958,-39.427643,-39.427643,3410,0.0,0.0,0.0,-0.15714923435903372,-0.25537862236542125,-0.33252953453468487,-40.0,136400,nan,nan,13640,0.0,0.0,0.0,-0.15097903517272693,-0.24464186720133058,-0.36022170309715984,-40.0,545600
341,0.40776846,0.03983133,-39.40128,-39.40128,3420,0.0,0.0,0.0,-0.19311792506251838,-0.2587533030659042,-0.3552703647159773,-40.0,136800,nan,nan,13680,0.0,0.0,0.0,-0.1646527032342681,-0.2483730354582677,-0.34047896995374427,-40.0,547200
342,0.4077656,0.03983981,-39.421947,-39.421947,3430,0.0,0.0,0.0,-0.17830569969198373,-0.2575110648244185,-0.3114125443792915,-40.0,137200,nan,nan,13720,0.0,0.0,0.0,-0.14682786229093553,-0.24913556867859654,-0.3600642577476758,-40.0,548800
343,0.40775278,0.039846312,-39.429493,-39.429493,3440,0.0,0.0,0.0,-0.17954897525890665,-0.24812031205244683,-0.3212899810451325,-40.0,137600,nan,nan,13760,0.0,0.0,0.0,-0.151895212183971,-0.255456292115192,-0.36991072094278776,-40.0,550400
344,0.4077401,0.039854012,-39.421528,-39.421528,3450,0.0,0.0,0.0,-0.19863325544301189,-0.28377848382204873,-0.36221794661892665,-40.0,138000,nan,nan,13800,0.0,0.0,0.0,-0.1611013470300479,-0.25578021386640315,-0.37549455784477176,-40.0,552000
345,0.4077482,0.03985594,-39.43843,-39.43843,3460,0.0,0.0,0.0,-0.15969869407051515,-0.22925813381729843,-0.297998337046489,-40.0,138400,nan,nan,13840,0.0,0.0,0.0,-0.17262918197650956,-0.25439601555024216,-0.3489296685971873,-40.0,553600
346,0.4077485,0.03986262,-39.44923,-39.44923,3470,0.0,0.0,0.0,-0.18995736034489785,-0.2425486658570444,-0.29660412682512227,-40.0,138800,nan,nan,13880,0.0,0.0,0.0,-0.15723900384181216,-0.24517921386766886,-0.34969068346857995,-40.0,555200
347,0.40775415,0.039866824,-39.42756,-39.42756,3480,0.0,0.0,0.0,-0.15699228121594494,-0.22832720125252315,-0.31800895438387583,-40.0,139200,nan,nan,13920,0.0,0.0,0.0,-0.13703628806551688,-0.23765227461817343,-0.34952791095455193,-40.0,556800
348,0.40775922,0.03986517,-39.462025,-39.462025,3490,0.0,0.0,0.0,-0.1785374162571023,-0.24455178838017624,-0.3314442549521899,-40.0,139600,nan,nan,13960,0.0,0.0,0.0,-0.14977970396554402,-0.2492125623755474,-0.36011396814016816,-40.0,558400
349,0.40776744,0.039871577,-39.445427,-39.445427,3500,0.0,0.0,0.0,-0.18081026534388392,-0.2441162487880313,-0.3137702533086709,-40.0,140000,nan,nan,14000,0.0,0.0,0.0,-0.15606686600698785,-0.2525719799739919,-0.36839169494869733,-40.0,560000
350,0.4077617,0.039873466,-39.48383,-39.48383,3510,0.0,0.0,0.0,-0.16121827227351618,-0.2439984212856045,-0.29593312157293716,-40.0,140400,nan,nan,14040,0.0,0.0,0.0,-0.15072221754236553,-0.2546367952921436,-0.35736545423711324,-40.0,561600
351,0.4077718,0.039881986,-39.486164,-39.486164,3520,0.0,0.0,0.0,-0.16512701633232388,-0.24013594653799125,-0.3344193130101394,-40.0,140800,nan,nan,14080,0.0,0.0,0.0,-0.14619583665623997,-0.2505132344443335,-0.35275221122295203,-40.0,563200
352,0.40778324,0.039884117,-39.49525,-39.49525,3530,0.0,0.0,0.0,-0.16165121372251692,-0.23426990594958752,-0.29295838283398884,-40.0,141200,nan,nan,14120,0.0,0.0,0.0,-0.16309559210217195,-0.24537789209345134,-0.34017793259050483,-40.0,564800
353,0.4078057,0.03988451,-39.50577,-39.50577,3540,0.0,0.0,0.0,-0.1713537015874906,-0.22369542102487272,-0.2908991589515085,-40.0,141600,nan,nan,14160,0.0,0.0,0.0,-0.13613019899799436,-0.23388547406081198,-0.33845162376509264,-40.0,566400
354,0.40781233,0.039890785,-39.5313,-39.5313,3550,0.0,0.0,0.0,-0.15199821561593616,-0.232680389439842,-0.29975591952153874,-40.0,142000,nan,nan,14200,0.0,0.0,0.0,-0.14105095821867814,-0.2409259087809489,-0.3366823602213148,-40.0,568000
355,0.40781984,0.039888404,-39.501083,-39.501083,3560,0.0,0.0,0.0,-0.15214509452523697,-0.23784292611615723,-0.3056710215287133,-40.0,142400,nan,nan,14240,0.0,0.0,0.0,-0.17005730704523428,-0.2491615366276375,-0.33655264030601517,-40.0,569600
356,0.40782404,0.039890274,-39.502377,-39.502377,3570,0.0,0.0,0.0,-0.17962355809453337,-0.2436506957572812,-0.31017767343161545,-40.0,142800,nan,nan,14280,0.0,0.0,0.0,-0.13854385588241117,-0.23904795244042853,-0.3380242174982909,-40.0,571200
357,0.40782169,0.039889216,-39.4634,-39.4634,3580,0.0,0.0,0.0,-0.18914200395730107,-0.23584845371756694,-0.2979141744565797,-40.0,143200,nan,nan,14320,0.0,0.0,0.0,-0.14131138253164818,-0.24556741443259633,-0.3611225307957072,-40.0,572800
358,0.4078231,0.039891493,-39.520912,-39.520912,3590,0.0,0.0,0.0,-0.1678155782221365,-0.2195189127289898,-0.29649614609763303,-40.0,143600,nan,nan,14360,0.0,0.0,0.0,-0.15533422677865186,-0.2555341254765573,-0.36612031844915777,-40.0,574400
359,0.40783194,0.039898183,-39.507065,-39.507065,3600,0.0,0.0,0.0,-0.1777616532613633,-0.24255452635033023,-0.3279174936523693,-40.0,144000,nan,nan,14400,0.0,0.0,0.0,-0.16259829753321034,-0.25777736360825304,-0.34830075876488403,-40.0,576000
360,0.40781188,0.03989388,-39.49628,-39.49628,3610,0.0,0.0,0.0,-0.1807027046684457,-0.23083216881965238,-0.30589634315602643,-40.0,144400,nan,nan,14440,0.0,0.0,0.0,-0.16229213732300907,-0.24985489369736733,-0.35255877594168317,-40.0,577600
361,0.40781963,0.03988599,-39.529663,-39.529663,3620,0.0,0.0,0.0,-0.17452034537137884,-0.24301569298009562,-0.32039858164791285,-40.0,144800,nan,nan,14480,0.0,0.0,0.0,-0.17110394643222834,-0.24970407890655402,-0.3514875314243505,-40.0,579200
362,0.40782526,0.039892424,-39.575253,-39.575253,3630,0.0,0.0,0.0,-0.18483307528667642,-0.2403590964831656,-0.30583876609537425,-40.0,145200,nan,nan,14520,0.0,0.0,0.0,-0.15158339705134422,-0.2426524437236349,-0.33914708340239563,-40.0,580800
363,0.40783024,0.039895494,-39.542522,-39.542522,3640,0.0,0.0,0.0,-0.1415203884880196,-0.22480819158982648,-0.29468506975118924,-40.0,145600,nan,nan,14560,0.0,0.0,0.0,-0.156018871333012,-0.23973540387051936,-0.3308817578708167,-40.0,582400
364,0.4078151,0.03990031,-39.521896,-39.521896,3650,0.0,0.0,0.0,-0.17259016720002973,-0.24881276980659023,-0.30080623923960853,-40.0,146000,nan,nan,14600,0.0,0.0,0.0,-0.13680542910672056,-0.24219801343332953,-0.3562926933245669,-40.0,584000
365,0.40782452,0.039897606,-39.524338,-39.524338,3660,0.0,0.0,0.0,-0.16854223143956404,-0.2269051872448106,-0.2766127058809703,-40.0,146400,nan,nan,14640,0.0,0.0,0.0,-0.141254686473621,-0.24462192753650774,-0.3495640751996919,-40.0,585600
366,0.40783918,0.03989783,-39.55307,-39.55307,3670,0.0,0.0,0.0,-0.17180441852619124,-0.24262741381581476,-0.32040643376037964,-40.0,146800,nan,nan,14680,0.0,0.0,0.0,-0.12396616188334064,-0.21746832517205367,-0.32672172064571975,-40.0,587200
367,0.4078513,0.039903294,-39.56308,-39.56308,3680,0.0,0.0,0.0,-0.15718423391590924,-0.2203532863987229,-0.26801020471856757,-40.0,147200,nan,nan,14720,0.0,0.0,0.0,-0.1420109602817651,-0.2398944086849717,-0.33266350605991407,-40.0,588800
368,0.407858,0.039908376,-39.486263,-39.486263,3690,0.0,0.0,0.0,-0.173320193193543,-0.2394838685977093,-0.3298943554906461,-40.0,147600,nan,nan,14760,0.0,0.0,0.0,-0.1529022462526451,-0.2408905177663781,-0.34166341523944344,-40.0,590400
369,0.40786135,0.039916642,-39.552982,-39.552982,3700,0.0,0.0,0.0,-0.185896209197558,-0.23662511588354804,-0.3280894886843149,-40.0,148000,nan,nan,14800,0.0,0.0,0.0,-0.14044336759325526,-0.2494871296015005,-0.35403275233906295,-40.0,592000
370,0.40788093,0.039919514,-39.540268,-39.540268,3710,0.0,0.0,0.0,-0.209789258502626,-0.2508393243309607,-0.31285361330839734,-40.0,148400,nan,nan,14840,0.0,0.0,0.0,-0.15154244345318835,-0.2456661795472765,-0.3364959293928725,-40.0,593600
371,0.4078735,0.039938632,-39.58234,-39.58234,3720,0.0,0.0,0.0,-0.13543564663683347,-0.19403189128824672,-0.23536780885623482,-40.0,148800,nan,nan,14880,0.0,0.0,0.0,-0.15107998832245845,-0.2501323386379636,-0.3760722681685615,-40.0,595200
372,0.40790567,0.03994339,-39.613346,-39.613346,3730,0.0,0.0,0.0,-0.13910827000230322,-0.22286139821026105,-0.2750954633523661,-40.0,149200,nan,nan,14920,0.0,0.0,0.0,-0.13766453950505045,-0.23673977044657643,-0.3428711632077469,-40.0,596800
373,0.40792277,0.03995308,-39.572323,-39.572323,3740,0.0,0.0,0.0,-0.18309318006033895,-0.2397937195441917,-0.3225654209269259,-40.0,149600,nan,nan,14960,0.0,0.0,0.0,-0.16226613565200604,-0.24678745171071825,-0.33964702568239574,-40.0,598400
374,0.4079264,0.03995981,-39.590103,-39.590103,3750,0.0,0.0,0.0,-0.17100936916147308,-0.23009144441784973,-0.28580549892951657,-40.0,150000,nan,nan,15000,0.0,0.0,0.0,-0.17089821379175482,-0.25767313969425504,-0.3702870388510444,-40.0,600000
375,0.4079311,0.03995948,-39.67202,-39.67202,3760,0.0,0.0,0.0,-0.17375327326951612,-0.23747640003533393,-0.28871427443648146,-40.0,150400,nan,nan,15040,0.0,0.0,0.0,-0.16005642438932982,-0.24766820326630232,-0.36152131504727175,-40.0,601600
376,0.40792766,0.03996026,-39.553463,-39.553463,3770,0.0,0.0,0.0,-0.13909448269044494,-0.22499136196269615,-0.28664926692899434,-40.0,150800,nan,nan,15080,0.0,0.0,0.0,-0.15683337164831074,-0.24270426051526212,-0.33563283884368317,-40.0,603200
377,0.40794513,0.039962687,-39.595913,-39.595913,3780,0.0,0.0,0.0,-0.18016272872137226,-0.22734765745887955,-0.2667168941103443,-40.0,151200,nan,nan,15120,0.0,0.0,0.0,-0.1517218577704444,-0.24250674811868617,-0.3394989951901482,-40.0,604800
378,0.40796018,0.039963517,-39.632538,-39.632538,3790,0.0,0.0,0.0,-0.18192613158141627,-0.2262937326509018,-0.28452206049877216,-40.0,151600,nan,nan,15160,0.0,0.0,0.0,-0.14731572890201095,-0.2362237135490454,-0.3164195905754044,-40.0,606400
379,0.40798628,0.03996892,-39.629948,-39.629948,3800,0.0,0.0,0.0,-0.1772372131171292,-0.24307604243231748,-0.2902500937863988,-40.0,152000,nan,nan,15200,0.0,0.0,0.0,-0.13988403464713123,-0.23101722301786332,-0.322123599218248,-40.0,608000
380,0.4079878,0.039983843,-39.62678,-39.62678,3810,0.0,0.0,0.0,-0.14622316148826825,-0.23341240086530043,-0.30958387856092845,-40.0,152400,nan,nan,15240,0.0,0.0,0.0,-0.1431787378365933,-0.253967262322714,-0.3830718350059776,-40.0,609600
381,0.40799096,0.039988406,-39.61582,-39.61582,3820,0.0,0.0,0.0,-0.1487071362260268,-0.22211477988008027,-0.29416239747812917,-40.0,152800,nan,nan,15280,0.0,0.0,0.0,-0.12841900237889195,-0.23761140970955372,-0.33905694025780553,-40.0,611200
382,0.4079943,0.03999852,-39.609344,-39.609344,3830,0.0,0.0,0.0,-0.15040833614013802,-0.22751413953598948,-0.31019770074943065,-40.0,153200,nan,nan,15320,0.0,0.0,0.0,-0.15669887292181128,-0.2435211113081516,-0.34218098279705667,-40.0,612800
383,0.40800226,0.039995212,-39.63622,-39.63622,3840,0.0,0.0,0.0,-0.17980686080785638,-0.2308511094137309,-0.3137320579449122,-40.0,153600,nan,nan,15360,0.0,0.0,0.0,-0.13618017314025005,-0.22929187239496232,-0.325151423179552,-40.0,614400
384,0.40800914,0.039994765,-39.639328,-39.639328,3850,0.0,0.0,0.0,-0.18195555244554418,-0.2427203417077042,-0.30442685881809245,-40.0,154000,nan,nan,15400,0.0,0.0,0.0,-0.14474597122111707,-0.24156972671982277,-0.33599487596455113,-40.0,616000
385,0.40800926,0.04000149,-39.672165,-39.672165,3860,0.0,0.0,0.0,-0.19190846513135892,-0.24375883278461366,-0.3327306187934657,-40.0,154400,nan,nan,15440,0.0,0.0,0.0,-0.16099136247598414,-0.24868462665114782,-0.3524041851820836,-40.0,617600
386,0.4079993,0.040000517,-39.673847,-39.673847,3870,0.0,0.0,0.0,-0.1955463276589618,-0.2586057157622531,-0.3260981422608965,-40.0,154800,nan,nan,15480,0.0,0.0,0.0,-0.15914952423162196,-0.25150267505025736,-0.33073961844379685,-40.0,619200
387,0.40798983,0.040001985,-39.672695,-39.672695,3880,0.0,0.0,0.0,-0.1894092389185838,-0.24746015199712745,-0.3004926377146845,-40.0,155200,nan,nan,15520,0.0,0.0,0.0,-0.1678904158358728,-0.24748982824896365,-0.3360780224144703,-40.0,620800
388,0.40799868,0.04000232,-39.702824,-39.702824,3890,0.0,0.0,0.0,-0.16682271455738554,-0.24041534970997375,-0.2929979010486881,-40.0,155600,nan,nan,15560,0.0,0.0,0.0,-0.17920611503286113,-0.25240076644405324,-0.3419007209481549,-40.0,622400
389,0.40799603,0.03999563,-39.673317,-39.673317,3900,0.0,0.0,0.0,-0.15921438067154012,-0.22881775356807638,-0.3327508113216772,-40.0,156000,nan,nan,15600,0.0,0.0,0.0,-0.14907608777425946,-0.24081531608357407,-0.3387364912792174,-40.0,624000
390,0.40799654,0.039996706,-39.721203,-39.721203,3910,0.0,0.0,0.0,-0.16671365720877243,-0.22952771757362242,-0.2909365401389656,-40.0,156400,nan,nan,15640,0.0,0.0,0.0,-0.120743900096098,-0.23469619467284303,-0.32894027792491853,-40.0,625600
391,0.40800115,0.039998177,-39.688805,-39.688805,3920,0.0,0.0,0.0,-0.15535666790127373,-0.24165586596513805,-0.33153254177681396,-40.0,156800,nan,nan,15680,0.0,0.0,0.0,-0.16913063398899633,-0.2518826001759028,-0.3460772082360904,-40.0,627200
392,0.4080156,0.040000994,-39.703022,-39.703022,3930,0.0,0.0,0.0,-0.16580239100320637,-0.23240102906607427,-0.3160405861633319,-40.0,157200,nan,nan,15720,0.0,0.0,0.0,-0.1489198311532171,-0.24017914094332324,-0.34468561542724213,-40.0,628800
393,0.40801343,0.04000214,-39.682022,-39.682022,3940,0.0,0.0,0.0,-0.15256250655743148,-0.24961361586182954,-0.32635857070091073,-40.0,157600,nan,nan,15760,0.0,0.0,0.0,-0.1336915120780866,-0.24199786037116922,-0.33499361526850285,-40.0,630400
394,0.40801513,0.04000207,-39.69963,-39.69963,3950,0.0,0.0,0.0,-0.1433189461313631,-0.2286477808405278,-0.29684744229767085,-40.0,158000,nan,nan,15800,0.0,0.0,0.0,-0.15472717966340266,-0.24403823253650675,-0.3364357139497013,-40.0,632000
395,0.40800428,0.04000378,-39.69955,-39.69955,3960,0.0,0.0,0.0,-0.1492732280286723,-0.20792984182102545,-0.28164566872057095,-40.0,158400,nan,nan,15840,0.0,0.0,0.0,-0.15055441325453317,-0.23877420058538626,-0.32346028464879145,-40.0,633600
396,0.40801585,0.03999925,-39.70008,-39.70008,3970,0.0,0.0,0.0,-0.15964035346226574,-0.2316849889606813,-0.27637366593885176,-40.0,158800,nan,nan,15880,0.0,0.0,0.0,-0.15247986981037503,-0.23209441439276302,-0.31814920859063134,-40.0,635200
397,0.40800115,0.04000385,-39.694195,-39.694195,3980,0.0,0.0,0.0,-0.172177996159532,-0.2279456382548768,-0.2841553010846246,-40.0,159200,nan,nan,15920,0.0,0.0,0.0,-0.16349876371684935,-0.24823725116715895,-0.3451232463016706,-40.0,636800
398,0.40799868,0.040006142,-39.719505,-39.719505,3990,0.0,0.0,0.0,-0.16279878145115495,-0.2305784804057264,-0.28329836917555873,-40.0,159600,nan,nan,15960,0.0,0.0,0.0,-0.14820153068409841,-0.24236039338035745,-0.3541527594071433,-40.0,638400
399,0.40800294,0.040000007,-39.665222,-39.665222,4000,0.0,0.0,0.0,-0.16159536906849145,-0.248438519898728,-0.3495088947065468,-40.0,160000,nan,nan,16000,0.0,0.0,0.0,-0.15697269890663124,-0.2403854678014214,-0.3287957210047664,-40.0,640000
400,0.40800157,0.039998274,-39.736176,-39.736176,4010,0.0,0.0,0.0,-0.1572410606237132,-0.22418203737523115,-0.2890604085132994,-40.0,160400,nan,nan,16040,0.0,0.0,0.0,-0.15235832201893457,-0.2469171880725331,-0.34810391559462117,-40.0,641600
401,0.40798828,0.03999723,-39.71522,-39.71522,4020,0.0,0.0,0.0,-0.13359422197127702,-0.22426395931982765,-0.3101318056327114,-40.0,160800,nan,nan,16080,0.0,0.0,0.0,-0.15107483100442118,-0.24195785326509794,-0.35996979654718714,-40.0,643200
402,0.40799275,0.039993364,-39.727818,-39.727818,4030,0.0,0.0,0.0,-0.11684048524028173,-0.201250833132889,-0.3177561214197392,-40.0,161200,nan,nan,16120,0.0,0.0,0.0,-0.13543074966921864,-0.22799373969314654,-0.3194658302049941,-40.0,644800
403,0.40801254,0.039997645,-39.682163,-39.682163,4040,0.0,0.0,0.0,-0.15260638634976406,-0.24035448856515557,-0.3206570633304625,-40.0,161600,nan,nan,16160,0.0,0.0,0.0,-0.12947007551047734,-0.22609943346737774,-0.3121296574421918,-40.0,646400
404,0.4080194,0.039993983,-39.730873,-39.730873,4050,0.0,0.0,0.0,-0.16442251674430472,-0.22928795696367602,-0.2941861426089078,-40.0,162000,nan,nan,16200,0.0,0.0,0.0,-0.1412725106344784,-0.231695379967295,-0.3180648100105101,-40.0,648000
405,0.40801418,0.039996933,-39.713753,-39.713753,4060,0.0,0.0,0.0,-0.14491380896653472,-0.22577160406231844,-0.2940122781538696,-40.0,162400,nan,nan,16240,0.0,0.0,0.0,-0.14847937397157068,-0.24175064972439242,-0.34576404177382447,-40.0,649600
406,0.40801206,0.04000178,-39.721382,-39.721382,4070,0.0,0.0,0.0,-0.1358701975200574,-0.23145982241436067,-0.30813226706496183,-40.0,162800,nan,nan,16280,0.0,0.0,0.0,-0.1534404311840541,-0.2475530015743801,-0.36863526513374784,-40.0,651200
407,0.40802994,0.040006902,-39.744522,-39.744522,4080,0.0,0.0,0.0,-0.14748632711222195,-0.22570449694820788,-0.28792907272516105,-40.0,163200,nan,nan,16320,0.0,0.0,0.0,-0.14272119460662838,-0.24173290018575616,-0.34734482433287245,-40.0,652800
408,0.40803194,0.040007282,-39.807564,-39.807564,4090,0.0,0.0,0.0,-0.15640610789369855,-0.22391988552866735,-0.30707850275308124,-40.0,163600,nan,nan,16360,0.0,0.0,0.0,-0.1376161587364364,-0.22995037309004812,-0.33314603123904735,-40.0,654400
409,0.408047,0.040013213,-39.76624,-39.76624,4100,0.0,0.0,0.0,-0.1840353441478741,-0.2444590225495314,-0.3020553817951586,-40.0,164000,nan,nan,16400,0.0,0.0,0.0,-0.12318818005776717,-0.21975910482489427,-0.3274456028923615,-40.0,656000
410,0.40804803,0.0400106,-39.747498,-39.747498,4110,0.0,0.0,0.0,-0.15038486147700172,-0.21833582591307482,-0.2998418629345484,-40.0,164400,nan,nan,16440,0.0,0.0,0.0,-0.1191991029648393,-0.22904726793297056,-0.3393676100098707,-40.0,657600
411,0.40808108,0.040021684,-39.741665,-39.741665,4120,0.0,0.0,0.0,-0.14277794785579082,-0.20369693781004056,-0.2722843056883842,-40.0,164800,nan,nan,16480,0.0,0.0,0.0,-0.1404272796223703,-0.22962628327073067,-0.33070557497032765,-40.0,659200
412,0.40808442,0.040023286,-39.739304,-39.739304,4130,0.0,0.0,0.0,-0.1706302004302338,-0.2295055220598585,-0.3276124221441862,-40.0,165200,nan,nan,16520,0.0,0.0,0.0,-0.13898029120429906,-0.23794014451761947,-0.3475044781985276,-40.0,660800
413,0.4080802,0.040021528,-39.761646,-39.761646,4140,0.0,0.0,0.0,-0.1508848697042814,-0.2305060642446602,-0.28905116295469224,-40.0,165600,nan,nan,16560,0.0,0.0,0.0,-0.14081431816616072,-0.2376251253431671,-0.34172589767409606,-40.0,662400
414,0.40807953,0.04002266,-39.779804,-39.779804,4150,0.0,0.0,0.0,-0.16572494082509978,-0.2189821208583696,-0.28655208346036765,-40.0,166000,nan,nan,16600,0.0,0.0,0.0,-0.16217699815571548,-0.25413093672463716,-0.36357682280851106,-40.0,664000
415,0.40807807,0.040025104,-39.74491,-39.74491,4160,0.0,0.0,0.0,-0.16439515771260768,-0.22672725569725427,-0.2963480759342055,-40.0,166400,nan,nan,16640,0.0,0.0,0.0,-0.13699671791107262,-0.24699701040442443,-0.3581289041959025,-40.0,665600
416,0.40806508,0.040018078,-39.735077,-39.735077,4170,0.0,0.0,0.0,-0.16827861575182126,-0.2203746861467615,-0.264843157507031,-40.0,166800,nan,nan,16680,0.0,0.0,0.0,-0.1475700016380975,-0.23881150004124505,-0.3307328614459761,-40.0,667200
417,0.40806663,0.040011268,-39.761112,-39.761112,4180,0.0,0.0,0.0,-0.17008199495309811,-0.23631496783636663,-0.29676268003024214,-40.0,167200,nan,nan,16720,0.0,0.0,0.0,-0.15616581388163747,-0.24140727411652393,-0.3351351870475779,-40.0,668800
418,0.40809336,0.040013302,-39.78449,-39.78449,4190,0.0,0.0,0.0,-0.14969996315887696,-0.20707573337068375,-0.26390449446114417,-40.0,167600,nan,nan,16760,0.0,0.0,0.0,-0.12441354498619761,-0.21864745179782208,-0.3138104262243265,-40.0,670400
419,0.4080998,0.04001348,-39.751427,-39.751427,4200,0.0,0.0,0.0,-0.17690322534241998,-0.24675912413566548,-0.3049200989339722,-40.0,168000,nan,nan,16800,0.0,0.0,0.0,-0.14761864157418852,-0.2376831012222212,-0.3334305308213926,-40.0,672000
420,0.40811,0.04001581,-39.771683,-39.771683,4210,0.0,0.0,0.0,-0.1622753898896199,-0.24608016781711034,-0.30506218968730386,-40.0,168400,nan,nan,16840,0.0,0.0,0.0,-0.15718123743980122,-0.24136421411908443,-0.34306893085211837,-40.0,673600
421,0.40810892,0.040010568,-39.767868,-39.767868,4220,0.0,0.0,0.0,-0.21023963270629603,-0.2548257291623141,-0.3161312731664074,-40.0,168800,nan,nan,16880,0.0,0.0,0.0,-0.15082738961434225,-0.24383502047919267,-0.3351825255389531,-40.0,675200
422,0.40810916,0.040011123,-39.76265,-39.76265,4230,0.0,0.0,0.0,-0.16495091880851784,-0.22798899324456456,-0.32075897942826426,-40.0,169200,nan,nan,16920,0.0,0.0,0.0,-0.158145781364819,-0.23512627985731926,-0.32988530216806944,-40.0,676800
423,0.40811312,0.040011395,-39.87925,-39.87925,4240,0.0,0.0,0.0,-0.14548818199504737,-0.21430665032652263,-0.27827371981969484,-40.0,169600,nan,nan,16960,0.0,0.0,0.0,-0.1644678717074963,-0.2460242637175447,-0.3398906028712752,-40.0,678400
424,0.40812448,0.040015154,-39.783176,-39.783176,4250,0.0,0.0,0.0,-0.1663936096701826,-0.22660133627707182,-0.2805311956028734,-40.0,170000,nan,nan,17000,0.0,0.0,0.0,-0.15446420484441753,-0.2453435925292911,-0.3476149379829219,-40.0,680000
425,0.40813836,0.04001849,-39.770298,-39.770298,4260,0.0,0.0,0.0,-0.15854661236732956,-0.22000501320106147,-0.2999918917004099,-40.0,170400,nan,nan,17040,0.0,0.0,0.0,-0.14746485408615606,-0.24005153379137667,-0.3347782287050137,-40.0,681600
426,0.408149,0.040018894,-39.77528,-39.77528,4270,0.0,0.0,0.0,-0.1640505728909813,-0.2414880536144536,-0.3141858984047473,-40.0,170800,nan,nan,17080,0.0,0.0,0.0,-0.14859260554542514,-0.24244413744285936,-0.3427057461512605,-40.0,683200
427,0.40816578,0.040028002,-39.777466,-39.777466,4280,0.0,0.0,0.0,-0.17512203952328523,-0.23750787086881647,-0.2745910754220363,-40.0,171200,nan,nan,17120,0.0,0.0,0.0,-0.13998933659470367,-0.24443518919858936,-0.3622097284123558,-40.0,684800
428,0.4081829,0.040027373,-39.78735,-39.78735,4290,0.0,0.0,0.0,-0.16417615942250355,-0.24198479698084646,-0.34297110906790523,-40.0,171600,nan,nan,17160,0.0,0.0,0.0,-0.1384353196648373,-0.23119481800227745,-0.32502685640522383,-40.0,686400
429,0.4081966,0.040033046,-39.791046,-39.791046,4300,0.0,0.0,0.0,-0.18718541994133744,-0.23342026597163887,-0.33075587653516586,-40.0,172000,nan,nan,17200,0.0,0.0,0.0,-0.15731001835655425,-0.24022356065436976,-0.3576172436357923,-40.0,688000
430,0.40818402,0.040037557,-39.82344,-39.82344,4310,0.0,0.0,0.0,-0.16007039269485965,-0.24434660772898756,-0.3452879319343514,-40.0,172400,nan,nan,17240,0.0,0.0,0.0,-0.16121397512921004,-0.2467113642232297,-0.33407501729398437,-40.0,689600
431,0.40817133,0.040040538,-39.77117,-39.77117,4320,0.0,0.0,0.0,-0.16959205201277014,-0.23985029676494057,-0.29824614273838,-40.0,172800,nan,nan,17280,0.0,0.0,0.0,-0.1769495619369264,-0.265694878994856,-0.3610427967731973,-40.0,691200
432,0.40817288,0.040044595,-39.781105,-39.781105,4330,0.0,0.0,0.0,-0.17907275781879187,-0.2539277527899619,-0.34604485434722665,-40.0,173200,nan,nan,17320,0.0,0.0,0.0,-0.17205601100784434,-0.2613718449656747,-0.36908772493962944,-40.0,692800
433,0.40818378,0.04004869,-39.797146,-39.797146,4340,0.0,0.0,0.0,-0.15809739580437085,-0.22969159463062297,-0.28531455349561335,-40.0,173600,nan,nan,17360,0.0,0.0,0.0,-0.14530666160246253,-0.24279473571585183,-0.3424827845684243,-40.0,694400
434,0.40818837,0.040053796,-39.791122,-39.791122,4350,0.0,0.0,0.0,-0.1778779700937659,-0.2479731706764033,-0.326063713971467,-40.0,174000,nan,nan,17400,0.0,0.0,0.0,-0.15516143150694514,-0.2472156368911253,-0.3544991902388066,-40.0,696000
435,0.40819803,0.040063605,-39.79662,-39.79662,4360,0.0,0.0,0.0,-0.17316675978394813,-0.2315711517328556,-0.2947774855608604,-40.0,174400,nan,nan,17440,0.0,0.0,0.0,-0.1461420680113947,-0.24762502083260962,-0.3488065906994245,-40.0,697600
436,0.40820798,0.04006854,-39.76174,-39.76174,4370,0.0,0.0,0.0,-0.1601328601975864,-0.2129128623382385,-0.28799709896958503,-40.0,174800,nan,nan,17480,0.0,0.0,0.0,-0.1411249806893354,-0.23562279820061943,-0.3478627522179142,-40.0,699200
437,0.40822533,0.040076535,-39.772816,-39.772816,4380,0.0,0.0,0.0,-0.13639364186474373,-0.22854030327478056,-0.28374905639985587,-40.0,175200,nan,nan,17520,0.0,0.0,0.0,-0.13003852603032734,-0.23684173299804895,-0.3348811793156421,-40.0,700800
438,0.4082264,0.040078286,-39.718456,-39.718456,4390,0.0,0.0,0.0,-0.17015192168429533,-0.22955962908892183,-0.29257615428980044,-40.0,175600,nan,nan,17560,0.0,0.0,0.0,-0.14264913065392945,-0.24523869417706953,-0.3539867532203572,-40.0,702400
439,0.4082404,0.04008227,-39.780636,-39.780636,4400,0.0,0.0,0.0,-0.15544292054831685,-0.21679603319818067,-0.2768902303821307,-40.0,176000,nan,nan,17600,0.0,0.0,0.0,-0.144673837659479,-0.23762300551472157,-0.3327871473894354,-40.0,704000
440,0.40824178,0.040081277,-39.78427,-39.78427,4410,0.0,0.0,0.0,-0.16756524550894172,-0.2439870082496379,-0.311068638924212,-40.0,176400,nan,nan,17640,0.0,0.0,0.0,-0.15403293030319848,-0.2413653483023135,-0.33531306614237166,-40.0,705600
441,0.40824977,0.04008456,-39.786633,-39.786633,4420,0.0,0.0,0.0,-0.146204458446347,-0.2224431591327501,-0.2889218581101024,-40.0,176800,nan,nan,17680,0.0,0.0,0.0,-0.15409273375441493,-0.23790008001467192,-0.32192895877198724,-40.0,707200
442,0.40826288,0.040080007,-39.806385,-39.806385,4430,0.0,0.0,0.0,-0.13200901492065573,-0.2126183751479492,-0.292839483323239,-40.0,177200,nan,nan,17720,0.0,0.0,0.0,-0.1497015330869355,-0.2328355950884084,-0.32722041356129195,-40.0,708800
443,0.40826485,0.04008608,-39.82214,-39.82214,4440,0.0,0.0,0.0,-0.12973073641813726,-0.21344255742065307,-0.2518238719386932,-40.0,177600,nan,nan,17760,0.0,0.0,0.0,-0.15485654134267723,-0.2404443515378293,-0.34040691929539457,-40.0,710400
444,0.408275,0.04009149,-39.769962,-39.769962,4450,0.0,0.0,0.0,-0.1663201766542462,-0.20987703016385795,-0.2549904369828558,-40.0,178000,nan,nan,17800,0.0,0.0,0.0,-0.14065462753956054,-0.24000360524636805,-0.3412434748171562,-40.0,712000
445,0.40828478,0.04009525,-39.802197,-39.802197,4460,0.0,0.0,0.0,-0.13363162402632758,-0.19062190378064017,-0.2484030878442262,-40.0,178400,nan,nan,17840,0.0,0.0,0.0,-0.14917719933034784,-0.242547665192208,-0.33696082927972987,-40.0,713600
446,0.40829596,0.04009464,-39.79147,-39.79147,4470,0.0,0.0,0.0,-0.1244323688901087,-0.21943138347885932,-0.3039801290845748,-40.0,178800,nan,nan,17880,0.0,0.0,0.0,-0.1396550987817971,-0.22099446801832495,-0.3225143772200236,-40.0,715200
447,0.4083016,0.040090855,-39.792374,-39.792374,4480,0.0,0.0,0.0,-0.18829047623494538,-0.24918066623423712,-0.32621399152169706,-40.0,179200,nan,nan,17920,0.0,0.0,0.0,-0.11840904577495107,-0.21899181302298282,-0.3041244573278738,-40.0,716800
448,0.40831336,0.040092338,-39.79015,-39.79015,4490,0.0,0.0,0.0,-0.17136077850407186,-0.24492877361232473,-0.2968239790790457,-40.0,179600,nan,nan,17960,0.0,0.0,0.0,-0.15318775439741147,-0.24275079930054494,-0.3636543317964483,-40.0,718400
449,0.4083246,0.04008771,-39.808,-39.808,4500,0.0,0.0,0.0,-0.1371285573351442,-0.19898908107165153,-0.256218933009852,-40.0,180000,nan,nan,18000,0.0,0.0,0.0,-0.14105482502088246,-0.23384459656625892,-0.32818441217042105,-40.0,720000
450,0.40833154,0.04008973,-39.804947,-39.804947,4510,0.0,0.0,0.0,-0.1779090300650808,-0.23194154560010624,-0.2925322487527282,-40.0,180400,nan,nan,18040,0.0,0.0,0.0,-0.15146350340500186,-0.24465225945400845,-0.340473475362512,-40.0,721600
451,0.40833864,0.040095728,-39.856625,-39.856625,4520,0.0,0.0,0.0,-0.17297435592190666,-0.22212091634415934,-0.27559564762951827,-40.0,180800,nan,nan,18080,0.0,0.0,0.0,-0.14559566621192976,-0.2381695258505354,-0.3340388026517245,-40.0,723200
452,0.4083388,0.040092614,-39.79435,-39.79435,4530,0.0,0.0,0.0,-0.1680035405476306,-0.23918646216349465,-0.30581036215814206,-40.0,181200,nan,nan,18120,0.0,0.0,0.0,-0.16416030177186458,-0.24358788793565078,-0.32764407385061917,-40.0,724800
453,0.40833876,0.04009342,-39.82301,-39.82301,4540,0.0,0.0,0.0,-0.18656617480344423,-0.23249623031876623,-0.2913253382116532,-40.0,181600,nan,nan,18160,0.0,0.0,0.0,-0.16017194188192954,-0.2445979421186418,-0.33405685102725136,-40.0,726400
454,0.40835622,0.040094357,-39.813644,-39.813644,4550,0.0,0.0,0.0,-0.12665201980696397,-0.19785829658678084,-0.2958105385829392,-40.0,182000,nan,nan,18200,0.0,0.0,0.0,-0.13052241308282858,-0.2288133162590038,-0.3161857226647632,-40.0,728000
455,0.40837178,0.040098466,-39.848312,-39.848312,4560,0.0,0.0,0.0,-0.1436383785760849,-0.22696808587816236,-0.3042037358315247,-40.0,182400,nan,nan,18240,0.0,0.0,0.0,-0.13784111147961078,-0.23749373756290817,-0.3298653760943695,-40.0,729600
456,0.40837482,0.040110856,-39.8311,-39.8311,4570,0.0,0.0,0.0,-0.16257405670047614,-0.22428282076286643,-0.3014942201297283,-40.0,182800,nan,nan,18280,0.0,0.0,0.0,-0.157307484606947,-0.23631371854296557,-0.33304160673809313,-40.0,731200
457,0.40839043,0.040111583,-39.82184,-39.82184,4580,0.0,0.0,0.0,-0.15973968461591506,-0.22750428875462766,-0.30597657289578184,-40.0,183200,nan,nan,18320,0.0,0.0,0.0,-0.13520820934029837,-0.22871889061529577,-0.3209621572446836,-40.0,732800
458,0.40839127,0.040119227,-39.837402,-39.837402,4590,0.0,0.0,0.0,-0.16433332853263025,-0.2622868213440175,-0.32973926589557656,-40.0,183600,nan,nan,18360,0.0,0.0,0.0,-0.12823519031870254,-0.23318004362605724,-0.36072695728873005,-40.0,734400
459,0.4084054,0.04012021,-39.835358,-39.835358,4600,0.0,0.0,0.0,-0.1522102837218837,-0.2364476875188022,-0.2887413949717311,-40.0,184000,nan,nan,18400,0.0,0.0,0.0,-0.1485343725744939,-0.24153990132339748,-0.3327601180146815,-40.0,736000
460,0.40841427,0.040120292,-39.829895,-39.829895,4610,0.0,0.0,0.0,-0.13273449455543956,-0.2096609056473411,-0.26111654285974134,-40.0,184400,nan,nan,18440,0.0,0.0,0.0,-0.14424399769596544,-0.23244100843194535,-0.3281250846327237,-40.0,737600
461,0.40841067,0.040120546,-39.813828,-39.813828,4620,0.0,0.0,0.0,-0.16952099810883758,-0.24475873388050495,-0.3188934587277998,-40.0,184800,nan,nan,18480,0.0,0.0,0.0,-0.14911991278409306,-0.23436500661104204,-0.32848885991268584,-40.0,739200
462,0.40842748,0.0401277,-39.815926,-39.815926,4630,0.0,0.0,0.0,-0.16736837245364358,-0.23108438166914347,-0.29237765622966777,-40.0,185200,nan,nan,18520,0.0,0.0,0.0,-0.1874916580382294,-0.2595338871394518,-0.3521697325284902,-40.0,740800
463,0.40842673,0.04012378,-39.824894,-39.824894,4640,0.0,0.0,0.0,-0.201273938149089,-0.23751485655590396,-0.2911902494480835,-40.0,185600,nan,nan,18560,0.0,0.0,0.0,-0.1481986269478242,-0.23430146952470327,-0.3198997008758737,-40.0,742400
464,0.40843686,0.040120803,-39.822742,-39.822742,4650,0.0,0.0,0.0,-0.1440375038213824,-0.21708141311650692,-0.26584118607525925,-40.0,186000,nan,nan,18600,0.0,0.0,0.0,-0.12173773253121109,-0.22116052328361135,-0.30905892018860903,-40.0,744000
465,0.40844187,0.0401158,-39.813988,-39.813988,4660,0.0,0.0,0.0,-0.15702649731903728,-0.22836845542277132,-0.3064539612763169,-40.0,186400,nan,nan,18640,0.0,0.0,0.0,-0.13929154618953407,-0.22306970827816403,-0.3116743911504813,-40.0,745600
466,0.40844414,0.04011531,-39.932743,-39.932743,4670,0.0,0.0,0.0,-0.172438456766744,-0.23235662335847337,-0.2850342925464256,-40.0,186800,nan,nan,18680,0.0,0.0,0.0,-0.14176565912059907,-0.23603605880996445,-0.33599211915513977,-40.0,747200
467,0.40844333,0.04011967,-39.802433,-39.802433,4680,0.0,0.0,0.0,-0.15841496118336768,-0.24060441955151332,-0.32329282777982415,-40.0,187200,nan,nan,18720,0.0,0.0,0.0,-0.17590643528760086,-0.251019486131846,-0.3435997347260503,-40.0,748800
468,0.4084356,0.04011113,-39.819286,-39.819286,4690,0.0,0.0,0.0,-0.19892056167158786,-0.2668445354742729,-0.36223376296342474,-40.0,187600,nan,nan,18760,0.0,0.0,0.0,-0.15784806413484537,-0.2433707913214699,-0.33754841590379836,-40.0,750400
469,0.40843126,0.040109884,-39.83991,-39.83991,4700,0.0,0.0,0.0,-0.1521734676370496,-0.23868300564671663,-0.3105903223839987,-40.0,188000,nan,nan,18800,0.0,0.0,0.0,-0.15473564772906082,-0.25299239414552827,-0.3629004689761708,-40.0,752000
470,0.40842137,0.040117983,-39.828068,-39.828068,4710,0.0,0.0,0.0,-0.16236046632106568,-0.23539509543161824,-0.2833678699280856,-40.0,188400,nan,nan,18840,0.0,0.0,0.0,-0.17146625905884127,-0.2626000087599245,-0.38240530496314534,-40.0,753600
471,0.40842342,0.04011429,-39.858727,-39.858727,4720,0.0,0.0,0.0,-0.15977475158490229,-0.21285743912708002,-0.30723901978940643,-40.0,188800,nan,nan,18880,0.0,0.0,0.0,-0.1277220589263881,-0.23270039884757665,-0.350738657975579,-40.0,755200
472,0.40842697,0.04011682,-39.778057,-39.778057,4730,0.0,0.0,0.0,-0.19215756728373762,-0.256343327803793,-0.3106394239265419,-40.0,189200,nan,nan,18920,0.0,0.0,0.0,-0.1501672587430915,-0.24294933571850894,-0.3390418087687557,-40.0,756800
473,0.40843037,0.04011822,-39.82521,-39.82521,4740,0.0,0.0,0.0,-0.17138303150709028,-0.226746397868072,-0.325100440562405,-40.0,189600,nan,nan,18960,0.0,0.0,0.0,-0.12583288309713522,-0.2330623151294327,-0.3341067018833227,-40.0,758400
474,0.40843162,0.040120717,-39.828217,-39.828217,4750,0.0,0.0,0.0,-0.18159933273744827,-0.2516604353232925,-0.31082288497134447,-40.0,190000,nan,nan,19000,0.0,0.0,0.0,-0.15860275553103806,-0.2422365972680962,-0.33150966211177935,-40.0,760000
475,0.4084257,0.040111016,-39.827442,-39.827442,4760,0.0,0.0,0.0,-0.15139961910205568,-0.20400929537321208,-0.28750067090709935,-40.0,190400,nan,nan,19040,0.0,0.0,0.0,-0.14123435246350394,-0.24044095635023138,-0.3386822902150925,-40.0,761600
476,0.40842092,0.040110435,-39.838673,-39.838673,4770,0.0,0.0,0.0,-0.15319367510463985,-0.23375298109021922,-0.3084894905727691,-40.0,190800,nan,nan,19080,0.0,0.0,0.0,-0.14845061839171822,-0.24571120082263448,-0.3504825125501274,-40.0,763200
477,0.4084257,0.04011569,-39.82452,-39.82452,4780,0.0,0.0,0.0,-0.16240346722266996,-0.2236574188857018,-0.3445889900525267,-40.0,191200,nan,nan,19120,0.0,0.0,0.0,-0.13807419805720783,-0.23664705993241916,-0.3552760986939471,-40.0,764800
478,0.4084215,0.040109567,-39.832275,-39.832275,4790,0.0,0.0,0.0,-0.1918210683827275,-0.24137321819032984,-0.3063161764466817,-40.0,191600,nan,nan,19160,0.0,0.0,0.0,-0.15985330862707522,-0.24312970011889834,-0.33474449946022583,-40.0,766400
479,0.4084226,0.040115308,-39.83752,-39.83752,4800,0.0,0.0,0.0,-0.18189534548436928,-0.2181247906965276,-0.2552504045007613,-40.0,192000,nan,nan,19200,0.0,0.0,0.0,-0.1481849761506192,-0.2448936398711415,-0.34869766563631854,-40.0,768000
480,0.40843305,0.040120825,-39.822247,-39.822247,4810,0.0,0.0,0.0,-0.1638349710755407,-0.23877888715575857,-0.31347191155600806,-40.0,192400,nan,nan,19240,0.0,0.0,0.0,-0.14938205606853155,-0.2370396841791333,-0.33877452197035457,-40.0,769600
481,0.40842888,0.04013057,-39.839954,-39.839954,4820,0.0,0.0,0.0,-0.18146360948430637,-0.2525846133083697,-0.31291398816804067,-40.0,192800,nan,nan,19280,0.0,0.0,0.0,-0.15915789279900158,-0.2621950968678254,-0.3642488305982405,-40.0,771200
482,0.4084277,0.04013253,-39.831383,-39.831383,4830,0.0,0.0,0.0,-0.20625459341754698,-0.2651320441967924,-0.33192803770764306,-40.0,193200,nan,nan,19320,0.0,0.0,0.0,-0.15707338559189526,-0.24522851903377232,-0.3662905389158592,-40.0,772800
483,0.4084253,0.04013888,-39.85135,-39.85135,4840,0.0,0.0,0.0,-0.2043669802214646,-0.2556474170094226,-0.3184037369418511,-40.0,193600,nan,nan,19360,0.0,0.0,0.0,-0.16284581307669269,-0.2599950491910906,-0.3550351297620295,-40.0,774400
484,0.40843463,0.040142395,-39.84729,-39.84729,4850,0.0,0.0,0.0,-0.14482457220434378,-0.21395794433275153,-0.29822246180191686,-40.0,194000,nan,nan,19400,0.0,0.0,0.0,-0.13808774373745053,-0.2350616665342693,-0.3271364819373867,-40.0,776000
485,0.40844718,0.040141534,-39.853596,-39.853596,4860,0.0,0.0,0.0,-0.1559074795635516,-0.23350556485590032,-0.29140553767582184,-40.0,194400,nan,nan,19440,0.0,0.0,0.0,-0.14911586703650187,-0.22929865133255434,-0.3247014136973364,-40.0,777600
486,0.40845394,0.040142175,-39.849674,-39.849674,4870,0.0,0.0,0.0,-0.16045243432254444,-0.23055427786882496,-0.3075994043727535,-40.0,194800,nan,nan,19480,0.0,0.0,0.0,-0.1351369648980923,-0.23742579727884133,-0.35241861541448116,-40.0,779200
487,0.40845132,0.040145982,-39.844566,-39.844566,4880,0.0,0.0,0.0,-0.15517458587816435,-0.2206145785361327,-0.30733314395667294,-40.0,195200,nan,nan,19520,0.0,0.0,0.0,-0.14702481863671285,-0.24060518136083395,-0.3540038094031944,-40.0,780800
488,0.4084547,0.04014991,-39.817764,-39.817764,4890,0.0,0.0,0.0,-0.1423955514819397,-0.23615037730334903,-0.27853725588603223,-40.0,195600,nan,nan,19560,0.0,0.0,0.0,-0.150500593152337,-0.2440723548926264,-0.3380054216386673,-40.0,782400
489,0.40846172,0.04014976,-39.848354,-39.848354,4900,0.0,0.0,0.0,-0.15396969344496952,-0.2358536787424719,-0.30340743289273026,-40.0,196000,nan,nan,19600,0.0,0.0,0.0,-0.12628800739184556,-0.2320086037120836,-0.3360934493603102,-40.0,784000
490,0.40846086,0.04014777,-39.817516,-39.817516,4910,0.0,0.0,0.0,-0.16448369282307457,-0.20467225933714608,-0.27902591941396576,-40.0,196400,nan,nan,19640,0.0,0.0,0.0,-0.15014604915448407,-0.2327316445517924,-0.34185868506334194,-40.0,785600
491,0.4084631,0.040145237,-39.85043,-39.85043,4920,0.0,0.0,0.0,-0.15005260903261314,-0.2306885644270811,-0.31630446335989143,-40.0,196800,nan,nan,19680,0.0,0.0,0.0,-0.1597195222332952,-0.24059773617720617,-0.33741834884455835,-40.0,787200
492,0.40846765,0.04014601,-39.83269,-39.83269,4930,0.0,0.0,0.0,-0.15522908078384978,-0.21659258984667723,-0.2762406716074894,-40.0,197200,nan,nan,19720,0.0,0.0,0.0,-0.13184637937293148,-0.24120553815100015,-0.33403868870677633,-40.0,788800
493,0.40846896,0.040144388,-39.84758,-39.84758,4940,0.0,0.0,0.0,-0.15366274975526215,-0.22764157375782404,-0.2950434316498521,-40.0,197600,nan,nan,19760,0.0,0.0,0.0,-0.15255620771404205,-0.24927191536102683,-0.34580214186988967,-40.0,790400
494,0.40847102,0.040144015,-39.848278,-39.848278,4950,0.0,0.0,0.0,-0.15123792923764612,-0.22048117700870137,-0.2939422192648543,-40.0,198000,nan,nan,19800,0.0,0.0,0.0,-0.13963155910492303,-0.24024085462419364,-0.36063994454654935,-40.0,792000
495,0.40847802,0.040145334,-39.840332,-39.840332,4960,0.0,0.0,0.0,-0.15603253061962802,-0.22536272646186906,-0.30989714477295194,-40.0,198400,nan,nan,19840,0.0,0.0,0.0,-0.14195139424969042,-0.2362814279904418,-0.3363384097926951,-40.0,793600
496,0.40847394,0.040141348,-39.84729,-39.84729,4970,0.0,0.0,0.0,-0.17112653083824597,-0.24019154464514625,-0.31035339856290795,-40.0,198800,nan,nan,19880,0.0,0.0,0.0,-0.1543320787691094,-0.24439506451458715,-0.3336365806093804,-40.0,795200
497,0.40846524,0.040137302,-39.84043,-39.84043,4980,0.0,0.0,0.0,-0.17497280013595892,-0.2299352154903339,-0.28205298739086165,-40.0,199200,nan,nan,19920,0.0,0.0,0.0,-0.15811690465402564,-0.2419590526883552,-0.33015902714803885,-40.0,796800
498,0.40847182,0.040146627,-39.70552,-39.70552,4990,0.0,0.0,0.0,-0.18385561981310888,-0.24834570517574178,-0.3013484536144514,-40.0,199600,nan,nan,19960,0.0,0.0,0.0,-0.14670688415781225,-0.24281795481418939,-0.36413356646128586,-40.0,798400
499,0.4084665,0.040142965,-39.828377,-39.828377,5000,0.0,0.0,0.0,-0.1595778233106324,-0.21792264934985867,-0.2731905746116673,-40.0,200000,nan,nan,20000,0.0,0.0,0.0,-0.18114630819982158,-0.24854217732354775,-0.3256296649051448,-40.0,800000
500,0.40847743,0.040138714,-39.82398,-39.82398,5010,0.0,0.0,0.0,-0.16602365197492241,-0.22718199530010813,-0.28815688932478517,-40.0,200400,nan,nan,20040,0.0,0.0,0.0,-0.1578170272522208,-0.23836577103523582,-0.32982254462986543,-40.0,801600
501,0.40847912,0.040136565,-39.83388,-39.83388,5020,0.0,0.0,0.0,-0.14835003854867687,-0.20974310852128386,-0.2587795923296008,-40.0,200800,nan,nan,20080,0.0,0.0,0.0,-0.1452762145126883,-0.23395142019305384,-0.3368026152435658,-40.0,803200
502,0.4084833,0.040135697,-39.853035,-39.853035,5030,0.0,0.0,0.0,-0.21455638382915274,-0.2507949445383924,-0.31452321495714186,-40.0,201200,nan,nan,20120,0.0,0.0,0.0,-0.15061769422768423,-0.23778428730849743,-0.3394204078154459,-40.0,804800
503,0.40848994,0.040131938,-39.85828,-39.85828,5040,0.0,0.0,0.0,-0.14977753607887367,-0.21949633968860538,-0.26203864718492487,-40.0,201600,nan,nan,20160,0.0,0.0,0.0,-0.1410878807501956,-0.2423451285402934,-0.34947067020856076,-40.0,806400
504,0.40848342,0.040125072,-39.867092,-39.867092,5050,0.0,0.0,0.0,-0.1917629411993736,-0.2392289799423886,-0.3193230098065688,-40.0,202000,nan,nan,20200,0.0,0.0,0.0,-0.1564759467677131,-0.23940826677882004,-0.32054721777847545,-40.0,808000
505,0.40849137,0.040127534,-39.827564,-39.827564,5060,0.0,0.0,0.0,-0.15725551564536444,-0.22478060241210562,-0.29813878343489286,-40.0,202400,nan,nan,20240,0.0,0.0,0.0,-0.1459999169795127,-0.24158264787273778,-0.3320970536439661,-40.0,809600
506,0.4085069,0.0401277,-39.84212,-39.84212,5070,0.0,0.0,0.0,-0.14369092582924473,-0.21439656460757867,-0.26576892299951627,-40.0,202800,nan,nan,20280,0.0,0.0,0.0,-0.14569489035228103,-0.24140315509692326,-0.3463683478889216,-40.0,811200
507,0.4085058,0.04013102,-39.861046,-39.861046,5080,0.0,0.0,0.0,-0.17875401815618336,-0.2173563758038341,-0.2552530845457188,-40.0,203200,nan,nan,20320,0.0,0.0,0.0,-0.14349313185251114,-0.241249024919179,-0.358564138088267,-40.0,812800
508,0.4085059,0.040133134,-39.82626,-39.82626,5090,0.0,0.0,0.0,-0.15963386891899187,-0.22544027806165812,-0.2976918836613294,-40.0,203600,nan,nan,20360,0.0,0.0,0.0,-0.16040702264427192,-0.24869622200626776,-0.3395994787976952,-40.0,814400
509,0.40850592,0.040133815,-39.8706,-39.8706,5100,0.0,0.0,0.0,-0.17156211987487377,-0.22925172706105812,-0.27814689123096664,-40.0,204000,nan,nan,20400,0.0,0.0,0.0,-0.13955486203681125,-0.2289978318170105,-0.34045097176712097,-40.0,816000
510,0.40849915,0.040133785,-39.844894,-39.844894,5110,0.0,0.0,0.0,-0.16146053055291246,-0.23192880679143266,-0.29260248518314674,-40.0,204400,nan,nan,20440,0.0,0.0,0.0,-0.13270383846451628,-0.2448450085520582,-0.343596407866985,-40.0,817600
511,0.40850487,0.040134456,-39.842407,-39.842407,5120,0.0,0.0,0.0,-0.15099323120812155,-0.22004798859183963,-0.27433714025600675,-40.0,204800,nan,nan,20480,0.0,0.0,0.0,-0.15031482622945364,-0.23578240483471485,-0.3425907628060677,-40.0,819200
512,0.40851608,0.04012872,-39.850163,-39.850163,5130,0.0,0.0,0.0,-0.1785006536611707,-0.2423621822584163,-0.3035377707293567,-40.0,205200,nan,nan,20520,0.0,0.0,0.0,-0.12172256704114207,-0.22063095661351953,-0.3160895460967508,-40.0,820800
513,0.4085052,0.040127028,-39.874737,-39.874737,5140,0.0,0.0,0.0,-0.1599548463231119,-0.23458547644240849,-0.28791038582871864,-40.0,205600,nan,nan,20560,0.0,0.0,0.0,-0.1450112383554885,-0.24572012848231667,-0.33724334837385456,-40.0,822400
514,0.40851268,0.040127303,-39.825985,-39.825985,5150,0.0,0.0,0.0,-0.16503925253733914,-0.22475741060922722,-0.2779106724011944,-40.0,206000,nan,nan,20600,0.0,0.0,0.0,-0.1451306970871195,-0.24551395238346158,-0.34068660220729235,-40.0,824000
515,0.40851542,0.040124636,-39.81831,-39.81831,5160,0.0,0.0,0.0,-0.20473829726880186,-0.2659948442372325,-0.3208280262114348,-40.0,206400,nan,nan,20640,0.0,0.0,0.0,-0.13956895329124447,-0.2332264280341479,-0.35798023398030104,-40.0,825600
516,0.40851346,0.04012803,-39.83578,-39.83578,5170,0.0,0.0,0.0,-0.2028595432286218,-0.24901520813027106,-0.31063423319806444,-40.0,206800,nan,nan,20680,0.0,0.0,0.0,-0.1696900246924401,-0.2560437253765428,-0.35602145291755083,-40.0,827200
517,0.40851188,0.04012536,-39.814247,-39.814247,5180,0.0,0.0,0.0,-0.18452234253108865,-0.24133567488820248,-0.3156677550499826,-40.0,207200,nan,nan,20720,0.0,0.0,0.0,-0.13429866795882325,-0.23620686484632544,-0.3403127729901386,-40.0,828800
518,0.40851328,0.040125925,-39.864906,-39.864906,5190,0.0,0.0,0.0,-0.16721632396493116,-0.22824764439492065,-0.3068791352975327,-40.0,207600,nan,nan,20760,0.0,0.0,0.0,-0.15674471999894907,-0.24628931408983368,-0.3574680663714724,-40.0,830400
519,0.40850803,0.04012663,-39.89962,-39.89962,5200,0.0,0.0,0.0,-0.15897896191857688,-0.24311207999436818,-0.31875071090951873,-40.0,208000,nan,nan,20800,0.0,0.0,0.0,-0.15271520841003589,-0.2514366158605572,-0.3587563343933791,-40.0,832000
520,0.40851462,0.040126715,-39.84166,-39.84166,5210,0.0,0.0,0.0,-0.16522294773653415,-0.24653810896829392,-0.32412685633357985,-40.0,208400,nan,nan,20840,0.0,0.0,0.0,-0.149717911161442,-0.238778625985722,-0.3376704858166232,-40.0,833600
521,0.40851486,0.040126834,-39.862946,-39.862946,5220,0.0,0.0,0.0,-0.2008795176342462,-0.25012907439665255,-0.3080480478609427,-40.0,208800,nan,nan,20880,0.0,0.0,0.0,-0.14728223123552336,-0.24389639454078682,-0.3468708408607875,-40.0,835200
522,0.40850243,0.040122714,-39.87533,-39.87533,5230,0.0,0.0,0.0,-0.20032121434992087,-0.25320500108648675,-0.31873737172148175,-40.0,209200,nan,nan,20920,0.0,0.0,0.0,-0.13303299771904692,-0.2270607424750742,-0.3435561388954177,-40.0,836800
523,0.4085008,0.04012691,-39.865566,-39.865566,5240,0.0,0.0,0.0,-0.1677417381680083,-0.25227102783888833,-0.30442817044608955,-40.0,209600,nan,nan,20960,0.0,0.0,0.0,-0.1422317132173003,-0.232415201427086,-0.3316522841744465,-40.0,838400
524,0.40850332,0.040125754,-39.872574,-39.872574,5250,0.0,0.0,0.0,-0.17025715479990036,-0.2079461544161088,-0.24618059185628374,-40.0,210000,nan,nan,21000,0.0,0.0,0.0,-0.145752796475348,-0.23925160464294506,-0.33759668872713755,-40.0,840000
525,0.40852305,0.04013365,-39.8608,-39.8608,5260,0.0,0.0,0.0,-0.18478859062571246,-0.2346694942156105,-0.29135338697305796,-40.0,210400,nan,nan,21040,0.0,0.0,0.0,-0.16370004847434733,-0.25209721298651633,-0.35682763685108637,-40.0,841600
526,0.40850767,0.040137697,-39.85265,-39.85265,5270,0.0,0.0,0.0,-0.15540828291528597,-0.22807511112469672,-0.27133917934196317,-40.0,210800,nan,nan,21080,0.0,0.0,0.0,-0.1556367050755451,-0.25184936236248184,-0.33552246145775183,-40.0,843200
527,0.4085052,0.04013865,-39.88433,-39.88433,5280,0.0,0.0,0.0,-0.15945589228440432,-0.21100474350177234,-0.2817044423373054,-40.0,211200,nan,nan,21120,0.0,0.0,0.0,-0.15202885713975225,-0.2423455799732837,-0.348412471118351,-40.0,844800
528,0.40850675,0.040142383,-39.874203,-39.874203,5290,0.0,0.0,0.0,-0.15688817247622486,-0.25548007677801154,-0.3134567493890581,-40.0,211600,nan,nan,21160,0.0,0.0,0.0,-0.14456851279271493,-0.24047010504349683,-0.34113041061702,-40.0,846400
529,0.4084938,0.040144306,-39.873047,-39.873047,5300,0.0,0.0,0.0,-0.1881399525006214,-0.23885105396727474,-0.3010964616307324,-40.0,212000,nan,nan,21200,0.0,0.0,0.0,-0.14955985967512236,-0.2537099854884123,-0.36387085601694247,-40.0,848000
530,0.40849802,0.04014633,-39.909786,-39.909786,5310,0.0,0.0,0.0,-0.19546865905541805,-0.23758115968983262,-0.2813335510485401,-40.0,212400,nan,nan,21240,0.0,0.0,0.0,-0.13898145261370023,-0.24265093582178937,-0.33230595745058994,-40.0,849600
531,0.4085035,0.0401468,-39.893917,-39.893917,5320,0.0,0.0,0.0,-0.16306745244022255,-0.22738046242535945,-0.2855405855161404,-40.0,212800,nan,nan,21280,0.0,0.0,0.0,-0.14509792575715932,-0.24164890704084238,-0.3415022313731838,-40.0,851200
532,0.40849897,0.040150363,-39.8852,-39.8852,5330,0.0,0.0,0.0,-0.19515454172064803,-0.2546300284701919,-0.304639238953664,-40.0,213200,nan,nan,21320,0.0,0.0,0.0,-0.13802856011323056,-0.23178275748919316,-0.334436001245331,-40.0,852800
533,0.4085034,0.040154018,-39.90297,-39.90297,5340,0.0,0.0,0.0,-0.14875891049719425,-0.2240355765019598,-0.2908910421743211,-40.0,213600,nan,nan,21360,0.0,0.0,0.0,-0.12509420382650951,-0.2196383712030578,-0.3277014830845677,-40.0,854400
534,0.40849945,0.040156413,-39.890614,-39.890614,5350,0.0,0.0,0.0,-0.14748074059445518,-0.2302434274190845,-0.2952513259462474,-40.0,214000,nan,nan,21400,0.0,0.0,0.0,-0.15818265235228,-0.24586784556864125,-0.34372287618446357,-40.0,856000
535,0.40849033,0.040154662,-39.90177,-39.90177,5360,0.0,0.0,0.0,-0.17376572782838037,-0.24493006305320197,-0.32033539715251497,-40.0,214400,nan,nan,21440,0.0,0.0,0.0,-0.14783467168412118,-0.23724121400872344,-0.3329615803673543,-40.0,857600
536,0.40848374,0.040154163,-39.895195,-39.895195,5370,0.0,0.0,0.0,-0.17107731691697747,-0.22516542985387147,-0.2746857711625255,-40.0,214800,nan,nan,21480,0.0,0.0,0.0,-0.15593415522674908,-0.2500104835775611,-0.3496477078978617,-40.0,859200
537,0.40847751,0.040152553,-39.896946,-39.896946,5380,0.0,0.0,0.0,-0.2029160295427941,-0.2480452336732614,-0.30767918370136255,-40.0,215200,nan,nan,21520,0.0,0.0,0.0,-0.14342236576108847,-0.23534661418742414,-0.3295860272216069,-40.0,860800
538,0.40846547,0.04015022,-39.895702,-39.895702,5390,0.0,0.0,0.0,-0.15342729354639434,-0.23588114801645066,-0.3099593150211614,-40.0,215600,nan,nan,21560,0.0,0.0,0.0,-0.14829127804258216,-0.2435157892565873,-0.3481439837439858,-40.0,862400
539,0.40844762,0.04015445,-39.918602,-39.918602,5400,0.0,0.0,0.0,-0.16978727482262823,-0.2259643221830894,-0.26860455895408586,-40.0,216000,nan,nan,21600,0.0,0.0,0.0,-0.14691314998595548,-0.23861117109691077,-0.3268122977022724,-40.0,864000
540,0.40846,0.040160175,-39.884823,-39.884823,5410,0.0,0.0,0.0,-0.15983601258064478,-0.22628068886900457,-0.3035412559856139,-40.0,216400,nan,nan,21640,0.0,0.0,0.0,-0.13040560819515618,-0.24334134291661225,-0.3595388686395734,-40.0,865600
541,0.4084653,0.040161047,-39.86934,-39.86934,5420,0.0,0.0,0.0,-0.16119954063957578,-0.24009368043071488,-0.28079839227040415,-40.0,216800,nan,nan,21680,0.0,0.0,0.0,-0.1482549630714219,-0.23107701501060326,-0.31697584435939785,-40.0,867200
542,0.4084803,0.040161654,-39.90152,-39.90152,5430,0.0,0.0,0.0,-0.18903134253486906,-0.24098580594609678,-0.2865083182968902,-40.0,217200,nan,nan,21720,0.0,0.0,0.0,-0.1340383549466108,-0.24024227109714694,-0.349951935115312,-40.0,868800
543,0.4084805,0.040169705,-39.895313,-39.895313,5440,0.0,0.0,0.0,-0.1476504904691262,-0.21415672278199524,-0.26001093272036047,-40.0,217600,nan,nan,21760,0.0,0.0,0.0,-0.1332620509792048,-0.2318811358692233,-0.32453659738127016,-40.0,870400
544,0.40847656,0.040174507,-39.91947,-39.91947,5450,0.0,0.0,0.0,-0.15640409481090584,-0.2675719686595937,-0.32621829192410823,-40.0,218000,nan,nan,21800,0.0,0.0,0.0,-0.15518491264046338,-0.2493827204753684,-0.341800951363681,-40.0,872000
545,0.40847075,0.04017805,-39.906025,-39.906025,5460,0.0,0.0,0.0,-0.16970869952357867,-0.2378058116070724,-0.2701896356432263,-40.0,218400,nan,nan,21840,0.0,0.0,0.0,-0.13726930468224047,-0.24313253204671428,-0.34455082145574273,-40.0,873600
546,0.40846622,0.040178496,-39.89155,-39.89155,5470,0.0,0.0,0.0,-0.18908599473560353,-0.23336198449500362,-0.3086902377468305,-40.0,218800,nan,nan,21880,0.0,0.0,0.0,-0.15566585012029083,-0.23826684084207103,-0.3321203879653903,-40.0,875200
547,0.40847746,0.04018223,-39.91201,-39.91201,5480,0.0,0.0,0.0,-0.1650158385973662,-0.22814701456141795,-0.27441074654125647,-40.0,219200,nan,nan,21920,0.0,0.0,0.0,-0.14999864162724336,-0.23597832493378518,-0.3388870973254856,-40.0,876800
548,0.40848127,0.040180784,-39.90067,-39.90067,5490,0.0,0.0,0.0,-0.14040179881662854,-0.2349387229810098,-0.309397519143296,-40.0,219600,nan,nan,21960,0.0,0.0,0.0,-0.1390631891355038,-0.22890325205387224,-0.33050154994958525,-40.0,878400
549,0.4084824,0.040177513,-39.866016,-39.866016,5500,0.0,0.0,0.0,-0.14276931549074606,-0.22092383595825016,-0.265402859207292,-40.0,220000,nan,nan,22000,0.0,0.0,0.0,-0.15208625146783575,-0.2336336436513065,-0.3267878623113667,-40.0,880000
550,0.40847254,0.04018121,-39.87834,-39.87834,5510,0.0,0.0,0.0,-0.16639529154263913,-0.22794644442445777,-0.27227535659840457,-40.0,220400,nan,nan,22040,0.0,0.0,0.0,-0.1548731221113669,-0.24644604591994032,-0.35587519963034886,-40.0,881600
551,0.4084761,0.040179696,-39.8388,-39.8388,5520,0.0,0.0,0.0,-0.17377721920764405,-0.22813281603732874,-0.2987418888353582,-40.0,220800,nan,nan,22080,0.0,0.0,0.0,-0.14126628869662056,-0.2277573057861443,-0.32115566603135187,-40.0,883200
552,0.40847707,0.04018588,-39.903378,-39.903378,5530,0.0,0.0,0.0,-0.16170764383359,-0.21887229574897787,-0.26158193541360814,-40.0,221200,nan,nan,22120,0.0,0.0,0.0,-0.15051273920545455,-0.24553206806460343,-0.35468186722026973,-40.0,884800
553,0.4084818,0.040190868,-39.8785,-39.8785,5540,0.0,0.0,0.0,-0.18779599244871253,-0.2255409933160254,-0.26347496130278536,-40.0,221600,nan,nan,22160,0.0,0.0,0.0,-0.14010343498591998,-0.2424320547148414,-0.3619741166013664,-40.0,886400
554,0.40847406,0.040188137,-39.933483,-39.933483,5550,0.0,0.0,0.0,-0.1452514645370213,-0.21604062666329887,-0.25391641207635324,-40.0,222000,nan,nan,22200,0.0,0.0,0.0,-0.1437728932312326,-0.2427750534026023,-0.3368742734913467,-40.0,888000
555,0.40847096,0.04018635,-39.909897,-39.909897,5560,0.0,0.0,0.0,-0.1501569321760242,-0.24628119991097722,-0.3142668962239765,-40.0,222400,nan,nan,22240,0.0,0.0,0.0,-0.14576098267645882,-0.24343562241267586,-0.33593202169096603,-40.0,889600
556,0.40848538,0.040187724,-39.905575,-39.905575,5570,0.0,0.0,0.0,-0.20457395837211897,-0.23841578102253,-0.3002771318401776,-40.0,222800,nan,nan,22280,0.0,0.0,0.0,-0.15107305052875217,-0.2342874945580383,-0.3295038552374297,-40.0,891200
557,0.40849015,0.04018913,-39.86281,-39.86281,5580,0.0,0.0,0.0,-0.16039604537874566,-0.21574997114040018,-0.29644176553743384,-40.0,223200,nan,nan,22320,0.0,0.0,0.0,-0.16071057763483998,-0.24331859694582575,-0.3346022980972932,-40.0,892800
558,0.40848258,0.040185574,-39.93209,-39.93209,5590,0.0,0.0,0.0,-0.1519597734799068,-0.21727053019583376,-0.3198745289170121,-40.0,223600,nan,nan,22360,0.0,0.0,0.0,-0.13966833530811168,-0.2288847590842673,-0.325690456321107,-40.0,894400
559,0.40849212,0.040184375,-39.907585,-39.907585,5600,0.0,0.0,0.0,-0.21767960276685072,-0.2536134772642057,-0.31963343748141676,-40.0,224000,nan,nan,22400,0.0,0.0,0.0,-0.14010504220712963,-0.22667790098798313,-0.3181277771695175,-40.0,896000
560,0.40849474,0.040184688,-39.890026,-39.890026,5610,0.0,0.0,0.0,-0.1711543602287331,-0.2164731861912646,-0.2912943613564042,-40.0,224400,nan,nan,22440,0.0,0.0,0.0,-0.15132722731970047,-0.24025102816293292,-0.34340978970577096,-40.0,897600
561,0.40849772,0.040185742,-39.922832,-39.922832,5620,0.0,0.0,0.0,-0.2119410123120784,-0.23868048678130385,-0.2681932911273389,-40.0,224800,nan,nan,22480,0.0,0.0,0.0,-0.12484341018205428,-0.23423629167553392,-0.3414941185437264,-40.0,899200
562,0.4084877,0.04018348,-39.93665,-39.93665,5630,0.0,0.0,0.0,-0.17072206561888362,-0.2267854586726125,-0.3068850461783363,-40.0,225200,nan,nan,22520,0.0,0.0,0.0,-0.156173439727392,-0.23976225885841734,-0.3319265974664444,-40.0,900800
563,0.4084753,0.04018196,-39.93394,-39.93394,5640,0.0,0.0,0.0,-0.17678224321248853,-0.27513224910302453,-0.34844670735359057,-40.0,225600,nan,nan,22560,0.0,0.0,0.0,-0.1456309860105085,-0.24506885675229179,-0.35020244923353794,-40.0,902400
564,0.408468,0.040182594,-39.96105,-39.96105,5650,0.0,0.0,0.0,-0.15598827564487594,-0.2371489394734326,-0.28845416590785805,-40.0,226000,nan,nan,22600,0.0,0.0,0.0,-0.16009529682965726,-0.2532671208744455,-0.34417060839507635,-40.0,904000
565,0.40846205,0.040180482,-39.906242,-39.906242,5660,0.0,0.0,0.0,-0.14755557622692966,-0.2211741302278979,-0.2931864032312941,-40.0,226400,nan,nan,22640,0.0,0.0,0.0,-0.15418084773613902,-0.23952547702440113,-0.3277455375206011,-40.0,905600
566,0.40846953,0.0401829,-39.926945,-39.926945,5670,0.0,0.0,0.0,-0.14604363214272192,-0.23331664289956847,-0.3007054211089753,-40.0,226800,nan,nan,22680,0.0,0.0,0.0,-0.1501059860220973,-0.24251107837627303,-0.34423785160897624,-40.0,907200
567,0.4084797,0.040184967,-39.94155,-39.94155,5680,0.0,0.0,0.0,-0.1553440382423923,-0.2125159020453118,-0.28107053569613466,-40.0,227200,nan,nan,22720,0.0,0.0,0.0,-0.15188439583293567,-0.23936591374668814,-0.34600891621178337,-40.0,908800
568,0.4084786,0.04018168,-39.922337,-39.922337,5690,0.0,0.0,0.0,-0.15906442139388474,-0.22951841954898797,-0.3099947790815502,-40.0,227600,nan,nan,22760,0.0,0.0,0.0,-0.16417521440257124,-0.23987276203573676,-0.3332983006593557,-40.0,910400
569,0.40847465,0.040183447,-39.840954,-39.840954,5700,0.0,0.0,0.0,-0.1605345134663416,-0.22986811623628117,-0.3070478018472714,-40.0,228000,nan,nan,22800,0.0,0.0,0.0,-0.1440765511069116,-0.2443078247838142,-0.35377172861523504,-40.0,912000
570,0.40848473,0.040182386,-39.945454,-39.945454,5710,0.0,0.0,0.0,-0.17369491541617516,-0.22215365279024926,-0.29461670857217254,-40.0,228400,nan,nan,22840,0.0,0.0,0.0,-0.1288027233320407,-0.2307542015047675,-0.32661279271008553,-40.0,913600
571,0.40849808,0.04018178,-39.930607,-39.930607,5720,0.0,0.0,0.0,-0.10867344896258282,-0.205076068184787,-0.2828582589149409,-40.0,228800,nan,nan,22880,0.0,0.0,0.0,-0.13129312581595184,-0.22176649476402766,-0.3200953526676481,-40.0,915200
572,0.40850553,0.04018787,-39.914806,-39.914806,5730,0.0,0.0,0.0,-0.1098578586802533,-0.21731091913075837,-0.28458190751241336,-40.0,229200,nan,nan,22920,0.0,0.0,0.0,-0.12733033821496847,-0.24050310871743133,-0.35370912184894043,-40.0,916800
573,0.40850866,0.04019361,-39.895,-39.895,5740,0.0,0.0,0.0,-0.15132417258115696,-0.23862052053950003,-0.29824373311436086,-40.0,229600,nan,nan,22960,0.0,0.0,0.0,-0.153653835660746,-0.23492503046115648,-0.3153913425820011,-40.0,918400
574,0.40850496,0.04019695,-39.905506,-39.905506,5750,0.0,0.0,0.0,-0.14511720127019626,-0.2221877112115261,-0.27339160374129645,-40.0,230000,nan,nan,23000,0.0,0.0,0.0,-0.1356722424710473,-0.24556356899616674,-0.3464432112578296,-40.0,920000
575,0.4085144,0.040197708,-39.92644,-39.92644,5760,0.0,0.0,0.0,-0.19646333765980925,-0.23979058047727683,-0.30642843309164314,-40.0,230400,nan,nan,23040,0.0,0.0,0.0,-0.12975322182097254,-0.22994122592443178,-0.31461025280470356,-40.0,921600
576,0.40851688,0.040202904,-39.955883,-39.955883,5770,0.0,0.0,0.0,-0.12022590131834657,-0.21565664735023732,-0.2992478424206678,-40.0,230800,nan,nan,23080,0.0,0.0,0.0,-0.15631978664709667,-0.25263754352211515,-0.3429356402246316,-40.0,923200
577,0.40853164,0.04020526,-39.942028,-39.942028,5780,0.0,0.0,0.0,-0.18527867037263746,-0.23927443583351388,-0.31522245981666464,-40.0,231200,nan,nan,23120,0.0,0.0,0.0,-0.13757906419708416,-0.24024880711814314,-0.3451068678818143,-40.0,924800
578,0.4085271,0.04020669,-39.93591,-39.93591,5790,0.0,0.0,0.0,-0.14625645045630536,-0.21056673074660634,-0.2936321325896367,-40.0,231600,nan,nan,23160,0.0,0.0,0.0,-0.15498849800469933,-0.23737230242452667,-0.3335436376018396,-40.0,926400
579,0.40852794,0.040201716,-39.938145,-39.938145,5800,0.0,0.0,0.0,-0.15003472871346712,-0.2237626059021757,-0.27634515104404894,-40.0,232000,nan,nan,23200,0.0,0.0,0.0,-0.13273520456477783,-0.22779523088110004,-0.3470415580250808,-40.0,928000
580,0.40854523,0.040206034,-39.953293,-39.953293,5810,0.0,0.0,0.0,-0.15140247967449078,-0.23170594620224907,-0.30902535714104024,-40.0,232400,nan,nan,23240,0.0,0.0,0.0,-0.13645760293462114,-0.22595190108605917,-0.32388902947458387,-40.0,929600
581,0.40855584,0.04020364,-39.92598,-39.92598,5820,0.0,0.0,0.0,-0.18406583569028373,-0.23189176599330466,-0.2975325623333978,-40.0,232800,nan,nan,23280,0.0,0.0,0.0,-0.13658212501820083,-0.22994004114459776,-0.33108189236557284,-40.0,931200
582,0.40856144,0.040202364,-39.99693,-39.99693,5830,0.0,0.0,0.0,-0.15982537827036786,-0.22732324373233495,-0.29138832352606914,-40.0,233200,nan,nan,23320,0.0,0.0,0.0,-0.15144828492232823,-0.24053738831791122,-0.3358115426112274,-40.0,932800
583,0.40856358,0.04020321,-39.94415,-39.94415,5840,0.0,0.0,0.0,-0.1806879289477016,-0.22448958156111445,-0.28254559022715453,-40.0,233600,nan,nan,23360,0.0,0.0,0.0,-0.12144276297968457,-0.22837715551498367,-0.3272359083273089,-40.0,934400
584,0.4085621,0.04019918,-39.950817,-39.950817,5850,0.0,0.0,0.0,-0.16683145844388436,-0.2227394225510526,-0.278853409204358,-40.0,234000,nan,nan,23400,0.0,0.0,0.0,-0.12369683377094028,-0.22161299782676486,-0.330157161797824,-40.0,936000
585,0.40855643,0.040199928,-39.925156,-39.925156,5860,0.0,0.0,0.0,-0.15745799703173252,-0.21795067368975293,-0.2760729878610056,-40.0,234400,nan,nan,23440,0.0,0.0,0.0,-0.1547958696734038,-0.2446129120405955,-0.3359190492130325,-40.0,937600
586,0.40855357,0.040197168,-39.963364,-39.963364,5870,0.0,0.0,0.0,-0.185573575491249,-0.22536625034598784,-0.3006904349502154,-40.0,234800,nan,nan,23480,0.0,0.0,0.0,-0.13193145871272077,-0.23677932184514053,-0.34843277705904263,-40.0,939200
587,0.40855038,0.04019906,-40.030975,-40.030975,5880,0.0,0.0,0.0,-0.17262824925071818,-0.23922208966128877,-0.31468040404047315,-40.0,235200,nan,nan,23520,0.0,0.0,0.0,-0.14612379412202825,-0.24583112919847455,-0.36718861029037664,-40.0,940800
588,0.40855357,0.04019971,-39.908722,-39.908722,5890,0.0,0.0,0.0,-0.18357297095538783,-0.22834768211642156,-0.269156895053766,-40.0,235600,nan,nan,23560,0.0,0.0,0.0,-0.15232847402557728,-0.24140729586706314,-0.325623843334874,-40.0,942400
589,0.40855482,0.040199406,-39.949448,-39.949448,5900,0.0,0.0,0.0,-0.15293712585569788,-0.23827239825004756,-0.3143498328431266,-40.0,236000,nan,nan,23600,0.0,0.0,0.0,-0.1524360327823612,-0.23216578899675672,-0.3380985909329933,-40.0,944000
590,0.40855685,0.040194448,-39.93136,-39.93136,5910,0.0,0.0,0.0,-0.1556414408037123,-0.2212873602412792,-0.27393941039301456,-40.0,236400,nan,nan,23640,0.0,0.0,0.0,-0.1455505712434731,-0.23235863902903767,-0.33153354936672,-40.0,945600
591,0.40856132,0.04019544,-39.984932,-39.984932,5920,0.0,0.0,0.0,-0.17064681812822985,-0.23420776867371426,-0.27948521252709535,-40.0,236800,nan,nan,23680,0.0,0.0,0.0,-0.15325082340309165,-0.24738945875761872,-0.3643111906940725,-40.0,947200
592,0.4085594,0.040191088,-39.938725,-39.938725,5930,0.0,0.0,0.0,-0.1749047270254026,-0.23770523442968902,-0.3162583059642848,-40.0,237200,nan,nan,23720,0.0,0.0,0.0,-0.12824846324717507,-0.22793449396644458,-0.3314071431961617,-40.0,948800
593,0.40855992,0.04019248,-39.975502,-39.975502,5940,0.0,0.0,0.0,-0.169798370117911,-0.2551745246652489,-0.30062266777993385,-40.0,237600,nan,nan,23760,0.0,0.0,0.0,-0.1605689309164264,-0.24939552315338465,-0.34829930068247483,-40.0,950400
594,0.4085561,0.040192425,-39.95795,-39.95795,5950,0.0,0.0,0.0,-0.15539897886755596,-0.2163031630208595,-0.2940180814864227,-40.0,238000,nan,nan,23800,0.0,0.0,0.0,-0.15894551519378802,-0.2523653667403681,-0.35471695998392805,-40.0,952000
595,0.4085594,0.040194463,-39.95588,-39.95588,5960,0.0,0.0,0.0,-0.15308347732092178,-0.21149198168656816,-0.26240134430670786,-40.0,238400,nan,nan,23840,0.0,0.0,0.0,-0.15231977852410902,-0.242629414083104,-0.34202734448287725,-40.0,953600
596,0.40855655,0.040192842,-39.96781,-39.96781,5970,0.0,0.0,0.0,-0.15709043497125552,-0.22870658566425228,-0.3036495518427228,-40.0,238800,nan,nan,23880,0.0,0.0,0.0,-0.1596508443530715,-0.246480400473911,-0.34055928821973563,-40.0,955200
597,0.40856507,0.040192213,-39.915806,-39.915806,5980,0.0,0.0,0.0,-0.21821247191446355,-0.2647703461251881,-0.29452099637016305,-40.0,239200,nan,nan,23920,0.0,0.0,0.0,-0.1481542588054507,-0.2365906404399934,-0.33043541106508856,-40.0,956800
598,0.4085648,0.040191147,-39.921585,-39.921585,5990,0.0,0.0,0.0,-0.18480923785849218,-0.23014551263243685,-0.2853504236845918,-40.0,239600,nan,nan,23960,0.0,0.0,0.0,-0.14659108935933585,-0.23759729398883428,-0.3425298556519004,-40.0,958400
599,0.40856752,0.04019196,-39.95134,-39.95134,6000,0.0,0.0,0.0,-0.17497077937624503,-0.2293476577480692,-0.29432123637025764,-40.0,240000,nan,nan,24000,0.0,0.0,0.0,-0.13289462515134548,-0.2408634150044653,-0.3521129139193805,-40.0,960000
